SnakeCtrlPtFile 1
1 195
960.207273 424.264652
958.593758 424.270626
945.798639 424.353673
939.183719 428.809162
931.351092 432.544678
926.393943 437.046401
919.353279 441.168509
914.404150 447.732375
905.643926 449.917278
894.366933 449.706161
885.799971 448.583492
874.000967 450.513687
879.387824 459.185615
887.178527 457.981752
900.904426 459.630642
892.555433 464.017297
889.405016 470.388808
877.027923 468.229277
871.332670 463.763146
859.480277 464.055943
863.983783 472.826216
878.980972 471.773606
879.790837 479.340595
869.441956 482.440200
862.003363 483.898093
850.122173 482.727324
844.560662 480.144890
832.437667 483.346482
833.954314 492.300037
845.765744 487.685261
853.233789 492.892630
861.347308 493.711697
870.932839 497.405390
879.675320 490.514995
887.882335 495.950494
876.181312 501.143153
872.779629 504.897871
863.083399 509.108178
857.049901 513.694564
848.050014 517.517603
840.649383 515.594398
834.181598 512.318379
825.032306 507.964676
817.867544 509.282455
810.708890 517.138680
820.712296 519.882142
831.421100 520.223857
839.932930 525.796231
848.134873 529.329282
858.159394 528.010325
867.558219 525.780843
875.359800 521.455597
882.339651 516.129066
890.441616 511.354294
897.269958 506.170611
903.672084 501.259267
909.503323 496.343652
922.081470 490.771424
921.621437 502.567587
926.317971 509.105907
934.111312 514.456638
940.148812 517.956586
948.383191 523.118285
957.155521 526.277138
966.357968 530.556786
974.701669 532.677547
985.091639 534.268460
992.968954 536.625138
1005.459141 536.041222
1010.349392 540.766864
1002.413284 546.700498
998.801259 550.999323
992.905087 556.625287
984.726491 556.594176
972.904883 561.108260
967.762282 566.634272
977.463055 575.182997
983.886332 569.837732
991.558895 567.192978
1001.739575 566.969830
1007.283183 560.748758
1014.197333 558.788900
1019.697885 552.020557
1024.881872 548.484294
1029.542361 541.183813
1034.962963 537.095159
1043.167093 533.375949
1055.372790 535.816725
1060.997831 529.465823
1069.747712 526.710404
1073.086765 536.716323
1083.162406 536.253154
1092.521170 536.301741
1104.393142 531.677814
1104.398387 542.725847
1112.810025 547.802755
1118.004809 551.862774
1122.186030 561.063242
1125.772842 565.174947
1131.459445 571.690790
1139.093674 576.580732
1147.381873 578.053686
1158.512901 576.733606
1161.502329 583.092040
1173.832098 582.339633
1176.858778 574.192323
1166.588191 569.616425
1158.944508 567.910650
1146.745258 567.989753
1143.481323 562.180910
1136.827897 556.820222
1135.325512 548.589075
1132.161608 543.086889
1136.514593 536.925110
1144.214165 531.992325
1147.229240 524.331342
1152.324587 518.455414
1154.635254 510.462011
1163.596335 509.988920
1174.457596 510.670152
1180.427802 509.581633
1191.005799 509.125470
1201.488642 508.290936
1209.115109 506.647742
1218.921611 503.640706
1226.947683 501.881552
1236.263583 498.586393
1243.805954 496.366193
1253.585452 490.053564
1262.252920 489.863748
1267.917225 481.531444
1254.502635 483.641190
1249.236860 487.953615
1239.259325 490.754939
1232.593642 494.673087
1222.103698 496.888385
1213.912939 499.546668
1203.810130 501.256208
1194.618634 502.798917
1185.425968 503.558196
1174.465969 503.036409
1165.925501 504.205164
1152.672260 502.517220
1165.689583 499.287176
1174.639031 498.610309
1185.421861 496.771862
1192.502653 494.814473
1200.159846 492.020786
1209.858952 487.443421
1220.241521 482.071030
1226.074623 477.453534
1234.708427 471.939288
1239.347870 467.778716
1249.534945 461.351023
1238.341831 456.766080
1230.962142 464.631618
1226.242683 468.437900
1219.528153 473.932630
1211.589365 478.688412
1204.115970 482.965229
1194.310295 486.572623
1185.315365 489.743967
1174.971384 490.920998
1164.604088 493.809405
1157.571174 487.407350
1147.228324 490.877627
1140.625815 487.182634
1134.751676 479.591362
1123.550443 478.584180
1116.801764 474.584445
1108.037373 471.476262
1099.536502 469.681485
1090.976775 464.744873
1081.580610 463.982716
1070.288164 462.642547
1068.213070 457.883084
1084.579781 458.326238
1089.278068 456.459321
1106.606581 456.076025
1097.625720 449.888626
1086.715618 452.843130
1076.978082 453.536458
1067.350250 454.109611
1056.156303 456.491200
1048.632374 450.778430
1041.557251 448.363639
1033.110180 444.875043
1022.933783 446.226173
1014.182406 447.042103
1004.337825 445.927969
992.817936 447.700812
988.956109 439.752337
980.367048 436.550116
973.336130 431.963942
969.663587 427.104476
