SnakeCtrlPtFile 1
1 126
469.399775 297.089575
463.909907 294.769032
459.141017 302.731826
457.202413 310.231106
453.024836 315.211008
449.740346 327.094656
443.572978 331.019672
435.610653 335.117140
427.710127 327.640029
421.043960 322.426806
417.389260 316.572735
410.930400 310.317002
408.097879 304.115310
399.341571 294.020125
397.952200 304.090680
405.127468 311.176032
407.894965 317.356004
413.365201 323.484119
418.260069 329.352576
422.723123 335.605861
431.678659 338.096907
434.585900 350.155544
430.802858 356.709565
418.262628 353.361149
411.017863 359.818675
403.547275 363.655521
398.432460 370.325911
388.586113 369.671332
379.441730 364.774956
368.779443 373.357285
378.875890 375.662820
389.101487 377.952477
397.600511 382.383939
407.993425 376.059699
415.523421 372.739434
420.930928 364.831888
428.148188 367.268890
421.587923 380.471627
423.341618 386.683419
418.740111 399.997642
413.369874 401.844479
403.057620 408.882079
412.215018 417.352720
419.919327 410.000309
428.373090 409.189622
434.124003 402.138213
434.544723 392.056871
436.560958 381.838892
439.100663 372.817587
448.078858 379.091874
453.418648 383.244139
457.663249 393.894269
465.739783 393.566476
475.033937 392.637629
478.625129 401.181311
488.361353 403.394070
495.829400 407.588303
499.986507 412.637901
505.379839 418.091213
510.186963 424.069706
515.301313 428.654314
520.042394 433.746056
527.556308 437.498605
533.037207 442.345211
543.893830 440.364834
550.003522 446.644670
560.105289 445.578433
563.064463 435.613211
552.381249 434.262734
543.712347 432.818246
536.360632 432.034270
529.273573 424.648021
523.863464 417.924867
516.260618 414.928758
515.381496 405.484603
528.611092 404.863018
533.876219 401.342197
535.439727 392.022147
543.441846 390.663886
551.717327 393.153859
560.510515 395.651052
572.184089 391.877028
557.457834 385.404809
550.380492 387.108940
536.694856 382.927360
541.012262 375.287130
548.341773 369.936786
557.006610 374.394839
566.696129 371.160737
572.884627 371.616242
578.156568 381.224745
574.433629 390.102872
581.115116 398.868172
579.547644 406.574230
583.923127 416.982050
587.416359 421.902579
596.572345 425.286469
601.638391 430.686477
614.968535 428.219006
607.601559 419.620785
600.444534 416.892819
597.318227 409.875255
594.979868 399.631349
593.888393 391.569531
591.030570 382.838384
588.601074 375.064968
589.369307 368.676072
585.832484 360.197363
583.344603 351.753393
578.400159 345.590581
573.389810 339.083226
560.719551 337.696060
554.451726 343.140941
545.269402 346.363252
534.756225 346.516146
529.197088 340.392440
516.947103 342.409363
509.513780 338.373894
505.564614 331.900137
495.261452 329.879014
487.402572 329.058005
476.818733 329.355044
467.095159 328.962679
458.406805 327.098654
466.773822 313.588844
466.547998 308.468909
