SnakeCtrlPtFile 1
1 251
574.225132 540.609835
571.323162 540.137859
565.346082 546.596485
560.939504 552.885948
555.716309 559.613981
548.042032 561.360553
540.026700 565.396915
532.796985 568.854698
527.113810 574.472742
522.442632 579.006035
517.175824 584.843291
512.417003 594.252598
506.914364 603.584349
502.827314 611.154929
498.209737 621.112066
493.997413 630.297988
491.419526 637.586938
488.481238 647.530744
486.387347 655.536968
485.112254 666.245367
482.807533 675.788340
488.710617 686.216398
483.927256 693.306721
480.402246 679.943629
475.838144 674.194068
472.032890 666.129287
466.592146 661.251760
461.886850 656.410249
456.582162 649.515973
452.015606 646.095657
446.199904 638.287017
443.994625 630.493811
440.629069 619.228344
435.091884 612.794906
426.610854 621.333336
435.756718 627.127592
437.790306 635.278166
439.621507 643.158857
444.865141 649.984740
449.356298 658.953387
455.963987 663.134476
460.586931 670.273326
466.039437 674.572910
470.120870 682.299874
474.161937 692.234873
477.945946 701.030941
485.509344 709.281152
482.077199 717.328489
475.404705 722.461983
467.219734 717.265765
458.358892 714.781904
451.539844 711.031362
440.780155 712.814399
431.149088 712.455535
420.831095 713.348901
411.266187 715.164992
400.476284 712.735829
392.291712 718.856760
381.815212 718.484178
372.171170 723.762352
363.704756 721.600335
360.049202 733.241193
367.341493 735.529617
375.746949 730.905066
383.734475 729.285291
392.206921 727.078689
401.877646 726.289350
411.986718 725.511681
422.151959 724.938257
431.751152 724.107397
440.837033 721.256240
450.315204 722.901681
456.526814 726.821659
466.969322 728.023187
469.187884 733.588943
463.153286 741.740516
456.598422 747.053193
457.114572 758.157186
456.626054 768.536018
452.945246 775.303428
445.809892 777.701556
435.831984 783.875173
427.186376 786.772822
419.499475 789.105073
408.435913 791.404303
399.992709 792.353910
389.913453 794.851472
380.250947 793.638818
371.270418 800.706715
383.631292 802.375946
392.572441 798.616711
401.441440 799.017971
412.766814 796.638211
420.494771 795.033978
429.950160 792.243486
436.098573 790.123706
446.172358 786.484970
455.082183 779.666167
461.346693 777.360681
471.488839 783.504414
474.156546 791.462698
468.272066 800.334832
464.912022 809.667297
460.014025 819.071529
456.650403 827.680443
452.217479 836.928703
450.592318 845.882502
446.000928 852.294238
443.899302 867.204463
452.902173 859.912355
452.060829 852.673058
457.156680 844.077689
459.538054 836.054182
463.417333 827.235473
467.478655 818.676626
472.934832 806.953395
477.328100 800.062191
478.874904 791.038047
484.896479 786.531583
495.264486 784.189029
499.115368 776.400116
505.602648 773.074793
506.850189 762.352444
516.336441 766.828646
518.478133 775.600249
524.647294 783.802645
520.435638 793.592395
520.977724 802.689173
519.500068 813.185530
518.896038 821.216901
520.859737 832.734803
519.705559 840.988060
518.376776 853.825233
523.183082 857.745074
532.495957 855.478200
528.450118 843.573332
529.689127 833.881649
529.395906 824.689018
530.698384 815.202152
530.029933 804.935968
531.180048 794.948427
531.632655 785.199141
533.038889 774.454204
529.895987 767.217345
524.756676 758.012131
519.155119 750.617422
526.132310 741.269779
529.607932 735.161742
538.605322 740.861609
545.333533 741.864427
556.032719 745.134290
563.436508 747.457407
574.234256 745.873986
583.898970 747.249191
594.034564 744.715500
604.028209 746.882966
613.890346 743.989972
624.340609 750.005410
627.523308 737.298820
615.463178 738.154551
606.262614 738.161873
595.862698 737.968635
586.095180 737.258927
575.921981 737.498872
565.923603 737.486624
558.329955 733.843427
549.869045 734.590145
539.196363 730.622735
547.793315 724.653997
556.862378 724.715210
565.558072 720.686105
572.453026 714.822697
580.917715 709.524811
586.320335 705.109414
594.258844 699.133757
598.554926 693.656527
604.805023 688.771873
611.019934 683.785295
615.599248 678.642937
620.759616 673.835505
625.483423 668.372377
632.754371 662.464168
635.093845 652.295761
636.130266 643.618460
631.988079 636.434231
630.486109 628.672554
627.799247 621.166194
623.677169 615.047846
618.578796 606.468565
625.368566 601.434724
624.434431 592.975957
628.244815 583.743365
624.371800 575.224765
616.146104 575.704225
620.423589 588.798979
613.171401 593.096458
612.428415 603.420768
605.161766 606.511605
598.661584 613.070828
590.068530 616.622844
597.236131 605.720786
601.632425 598.625835
606.611271 595.166756
612.470997 583.984984
602.086398 584.952655
598.784637 591.767972
592.924441 596.284140
588.522848 600.589557
582.930756 608.322868
578.838551 612.799552
569.867371 620.620761
570.530989 610.436213
576.944301 600.953242
579.649942 592.075460
585.844675 584.940660
589.288650 580.917869
597.554288 569.704880
588.867334 569.844857
585.176817 578.455527
579.481060 584.180664
575.002271 592.202932
569.300208 601.844101
566.698725 607.616108
564.552915 619.520627
557.122027 623.458301
548.110705 624.375987
539.394728 630.382434
532.358115 633.423991
527.111925 638.960142
518.965313 643.390769
515.354362 650.218301
509.263311 654.650626
505.505806 665.176585
498.187613 673.105479
501.554578 656.831945
503.765932 651.500915
507.473481 641.784617
509.207927 633.368393
511.724878 626.081761
515.187929 617.621634
518.879281 606.359968
522.257297 598.517102
528.270345 590.037900
531.883546 580.916697
539.938653 576.764148
548.938584 576.316057
555.357969 571.379220
560.019124 566.096358
565.782575 559.116234
569.175212 553.792802
577.528966 548.528784
