SnakeCtrlPtFile 1
1 202
657.508352 40.109238
654.844878 37.486265
650.057330 44.502480
650.733428 55.350760
650.612219 64.553017
650.342980 75.642826
652.305755 85.570932
652.161197 97.450334
652.152143 105.059144
658.174186 114.847151
650.872166 119.611798
648.329859 130.486252
645.214959 138.902313
648.243001 152.296351
644.452495 154.455312
640.208442 144.378506
639.127974 137.394998
631.092796 132.275871
625.968993 126.653482
614.329939 126.213190
605.877138 122.826864
602.258405 116.008122
600.385588 105.559333
586.613033 110.274973
594.519935 115.829811
597.288728 125.077670
602.560282 130.635582
610.802683 134.711088
618.849764 135.863469
627.750534 141.423654
631.215549 147.778424
637.145045 154.027526
641.237532 160.312499
648.250462 168.510541
639.774300 168.851847
634.464921 158.607750
622.014617 163.920339
615.875841 168.742556
610.570647 173.532037
605.959279 179.958741
600.446358 186.180067
596.241248 192.649678
590.149875 199.496331
581.084644 200.411864
572.440018 205.053600
578.624617 216.801510
584.830094 209.039763
593.260815 208.536569
599.670800 204.622790
604.067144 199.029075
609.204827 193.096613
614.555242 186.753155
618.530305 182.015614
625.942105 174.171166
632.766952 174.980919
643.377110 181.948575
637.858258 186.365815
629.462739 192.270184
628.259888 201.039308
626.552183 210.844191
627.106781 221.239083
626.401841 230.683512
629.019281 240.231810
628.416801 248.615975
632.236128 256.683985
630.241696 267.050156
634.636865 276.340351
634.382339 284.450572
640.378245 293.983231
640.015424 302.149805
645.230670 312.239748
648.060464 321.165514
650.092746 331.051208
653.817565 340.560383
666.045210 334.932307
660.784700 325.717434
655.618900 320.471501
650.901835 308.162668
649.956200 299.518466
645.414401 289.919270
645.186721 280.489526
640.874843 271.308720
641.067790 260.731278
638.978026 253.063306
638.508245 243.409054
638.278201 232.087981
639.145291 224.681925
640.499699 211.260712
645.557808 216.528900
645.932969 227.302750
650.655046 234.810176
653.738297 243.432422
659.319973 250.151601
664.893335 258.076814
661.084278 266.950010
660.587074 274.778471
654.659704 284.035918
658.457746 295.288123
661.645831 283.281687
665.153086 274.602934
667.140588 265.923398
671.925501 257.303743
679.566276 263.686915
679.849625 273.440617
691.525663 274.615317
687.412893 287.306587
694.249884 299.499200
694.288922 287.755364
691.755183 278.097165
690.815077 267.795596
686.353444 258.909085
688.657686 249.643950
692.759533 241.835599
695.698198 234.111504
697.895703 224.705045
700.847118 216.850089
711.162991 223.422782
716.658305 228.763131
728.479209 230.693385
728.881661 241.343987
726.621971 249.827134
723.536921 257.519535
721.941331 268.226399
716.843167 277.963942
713.877032 284.802879
711.019995 292.850664
707.035439 302.122632
705.496503 310.335214
704.463324 320.065403
704.689610 329.463634
704.389325 341.700017
716.972137 339.974983
714.794724 328.798058
712.588211 320.031669
717.247636 312.212989
719.811913 302.644333
724.000853 293.981761
725.853905 287.675339
729.869716 279.279619
731.986525 271.058449
735.469140 264.249238
737.476021 254.224463
740.530258 245.816483
740.686031 237.742752
741.990878 225.674793
735.543548 222.922484
730.530501 210.376737
744.652157 217.858149
748.473219 219.089894
759.095134 225.384072
759.571777 211.937668
749.536806 210.721815
741.603938 207.850250
736.236721 199.589181
733.829679 191.324653
730.066343 185.592173
725.137864 174.901564
719.891287 172.481211
710.699396 166.807641
701.688047 173.617887
694.101798 166.889343
705.443216 158.527292
713.448745 157.446669
724.414783 159.414040
730.842007 152.952300
735.821302 148.091414
742.956824 142.030858
737.519463 132.476814
727.941430 138.358390
726.716660 145.988362
715.240034 149.969322
708.379577 144.463361
695.051503 152.319132
690.607469 147.608076
692.392006 135.449560
686.944771 128.059482
680.523674 120.899006
681.084328 113.014313
686.490458 104.620976
691.112796 97.400311
696.232536 91.189172
701.941760 86.552338
707.821777 79.874685
711.245034 75.430491
719.365963 69.104552
714.479562 58.985266
707.549325 66.990957
703.648243 71.617752
698.000370 78.857986
693.434759 82.738347
688.066057 88.863030
683.519020 95.141358
677.788068 101.569438
674.096284 108.373111
666.766518 117.443577
660.076228 109.162290
660.480252 99.883307
658.203295 91.477176
658.822835 80.739750
657.929583 71.173665
657.757391 60.806485
657.892867 51.323969
