SnakeCtrlPtFile 1
1 22
369.889127 423.708456
369.183604 419.625967
309.669443 430.837462
265.498832 430.252586
219.121143 438.887344
163.591794 432.955951
123.397061 438.342594
52.167822 429.977138
73.416940 459.147431
155.490001 475.876342
91.246573 470.350684
48.582087 480.298929
129.726290 481.105076
164.952701 480.001347
222.778491 481.005412
268.322915 479.793657
321.262927 481.699205
368.600335 478.256847
422.432154 485.241629
462.940627 466.915794
419.161240 448.914443
435.848949 436.587414
