SnakeCtrlPtFile 1
1 196
663.916674 515.396485
667.933908 502.991882
652.917307 509.126491
653.344619 515.617373
647.755976 524.739374
645.493427 530.840376
637.181366 538.324558
642.823111 520.277557
634.133518 520.229079
631.873133 532.046741
633.060183 541.365136
629.388899 548.226129
623.117503 553.137178
619.820357 559.208052
614.802587 567.063456
611.203410 573.754032
607.608567 581.998516
605.409763 590.810991
606.777343 604.998613
600.733143 604.308863
597.901122 592.322920
595.551598 584.108346
591.311025 577.403821
588.226731 566.988712
602.976672 568.954905
600.821775 557.204824
606.760348 552.012902
606.805498 541.290806
592.151467 546.069907
588.646710 535.957971
584.757140 528.805406
581.540952 522.115133
577.472421 513.273502
566.925189 514.945675
563.769275 522.794809
564.076544 533.333094
564.984040 542.051560
565.843056 550.522876
566.564689 561.311311
568.541356 570.826333
569.960231 578.891787
571.865647 586.941129
575.575389 596.623991
561.638191 595.680839
555.095910 599.638168
546.306383 602.944897
538.019276 607.689476
529.397042 612.710565
518.835133 617.676530
513.405057 610.465720
506.461692 607.125222
496.723847 603.823101
489.272429 608.219447
488.743921 621.074248
501.573878 614.363085
506.269398 620.858510
513.585064 623.896601
519.665104 630.656297
529.423120 631.206687
539.247120 627.826814
546.796307 624.238878
552.993765 618.228787
562.615351 614.598955
570.842823 606.945965
577.841192 612.158146
581.940907 615.397369
587.264416 624.779299
590.555291 629.086313
598.200453 640.512390
589.940770 640.574834
579.211928 635.604371
572.076242 641.688973
562.507856 646.008656
554.351498 651.401810
550.636374 656.168457
545.234739 661.289894
539.151294 666.223768
534.006072 671.275953
526.892680 676.199890
520.141999 681.161466
513.397414 685.518182
508.416946 691.406173
495.682905 689.911462
490.912370 695.323137
479.110404 697.980583
481.112756 709.560059
485.478190 714.378799
494.711068 714.854854
499.586221 704.644488
505.978972 704.675555
516.561666 703.912553
523.660808 698.859414
533.773101 695.037286
541.848248 689.925330
546.677180 684.766155
554.138374 681.526657
565.453674 686.700811
574.745658 686.138007
585.166835 687.544525
594.834395 685.695632
605.256309 684.679686
614.479727 679.555817
618.024095 686.445999
626.861695 690.873276
625.883683 702.739984
634.558610 704.977593
643.307853 709.001296
652.012302 706.026342
663.375783 705.982458
665.542988 695.866442
673.241880 693.837012
679.006383 685.394068
688.023133 684.681140
694.759973 678.967699
692.137582 671.670660
684.267848 668.820356
699.459129 664.893369
702.525183 664.853949
717.460760 658.620360
719.145523 666.990257
723.875471 674.987956
726.645021 680.543184
731.015948 688.169565
736.455386 696.401373
740.482727 703.670540
745.799603 711.231407
750.587733 714.042112
758.944924 721.276887
767.543745 719.495212
772.365667 730.671701
778.597232 728.486823
789.280209 727.557433
789.799935 716.591663
780.947166 714.490375
775.084125 708.557434
764.474365 707.533624
761.986308 698.967105
755.869141 692.367589
751.442206 685.887991
747.482509 678.941650
742.299006 671.590594
736.867051 662.741546
733.807349 656.804469
726.916343 651.025360
722.976024 643.888683
713.346574 643.186582
701.537473 643.585340
712.428316 636.647560
715.427771 632.480222
722.231959 627.284459
729.778532 622.023669
740.309669 620.559055
746.381727 628.045318
751.901931 631.783869
755.188681 639.004388
764.851032 642.320266
775.698512 640.776097
782.799501 637.097766
788.453638 630.879344
797.503377 631.719792
806.757394 630.367807
799.041130 618.359525
790.447466 619.341198
782.412392 622.116967
772.823947 628.072979
765.681855 621.891296
759.745373 617.534519
752.365127 611.809862
746.205616 609.373293
736.793153 605.805490
723.670085 610.375711
725.119475 600.297126
730.097100 592.732349
731.010850 583.451993
733.949164 574.180305
736.571913 565.475850
737.445521 554.529102
740.476063 545.603167
742.515734 535.970214
740.303082 527.093599
730.689426 523.890104
723.485877 528.710979
717.849293 535.715209
712.098379 539.833611
706.577621 547.185812
700.496647 551.291547
692.989054 557.815496
686.094623 555.548359
682.327195 546.185574
683.248457 540.774111
693.108578 533.684689
688.257984 524.369535
681.830055 531.683841
677.144454 540.349607
670.919071 533.046425
666.019523 525.391799
