SnakeCtrlPtFile 1
1 174
891.825805 6.914335
891.704767 5.887838
881.791060 8.364831
876.312929 12.170368
869.367490 15.152868
862.107385 18.828360
849.727581 21.589352
843.470207 26.952425
839.034046 31.842418
834.301149 37.310402
829.549242 42.731226
825.496329 47.961855
820.837424 55.751644
816.668089 62.075330
812.201293 69.218600
807.767286 76.083094
803.602748 82.751166
798.846101 89.940340
795.571314 97.110882
792.446506 105.623862
790.168649 113.116407
790.581246 125.299662
782.636149 130.042811
774.823370 132.913878
765.438041 135.192663
760.166149 140.841769
762.699624 152.342444
760.641575 162.290079
763.891249 170.591662
769.350923 175.743158
772.968280 183.166926
770.804331 194.934034
776.827879 202.145592
779.385010 209.102576
785.122640 215.810439
786.113462 223.731612
798.513399 226.545532
802.272537 235.747538
802.344838 245.958579
803.899472 256.351995
805.653582 265.315981
815.212629 266.505526
817.044428 276.589017
819.461533 284.792660
825.017221 288.726644
827.847795 296.507182
827.029420 306.915671
826.998769 317.743696
821.431840 324.170772
816.916403 328.460923
812.949058 335.306169
809.061227 340.635113
801.556329 344.512730
797.841619 351.593132
801.332857 359.833111
803.283242 368.972680
806.305727 377.280533
808.304809 383.818805
812.729541 394.567488
822.182196 388.573379
831.009068 394.192231
841.083419 394.009821
850.721672 391.086920
861.654777 391.785419
869.550507 389.799612
875.989147 384.307439
880.589529 380.325655
886.005424 373.474988
890.200643 366.813855
895.168220 362.568072
900.645169 357.126189
906.762748 352.208735
910.431930 347.323368
918.293621 341.502189
912.130461 351.868688
908.753014 357.132009
904.067465 365.789718
900.400199 372.368910
896.683020 378.628082
893.808452 386.288309
886.383414 397.502464
885.291072 406.847564
892.235823 411.194222
895.847211 416.999485
899.242865 423.709293
904.556523 428.562408
913.579752 430.799944
921.043508 432.866176
932.956231 430.614868
940.183541 428.469606
949.972820 426.794781
953.997861 420.820973
959.296758 414.911902
964.248433 408.266699
969.605252 403.598010
975.013444 398.845265
982.416822 394.136708
987.487850 390.362355
997.059901 385.531115
994.860724 379.966955
987.542833 374.233488
987.170188 363.903285
984.973316 353.904077
982.985788 344.485725
978.158059 338.037052
977.896827 327.827015
973.541021 318.443278
969.389322 312.433836
964.884935 301.473264
968.530846 293.060879
972.596750 287.707017
977.707207 281.200057
982.921275 277.077231
988.084890 272.221518
994.058513 267.496076
999.479386 260.878291
1003.406276 255.929239
1009.043042 249.312550
1012.645161 244.275033
1019.527738 239.173104
1024.825883 234.867154
1031.726212 229.875496
1036.965142 223.701397
1041.502310 218.719292
1047.034478 212.680147
1051.488472 207.501713
1053.820611 199.334101
1057.571934 190.236486
1052.860585 179.900333
1047.876008 176.902740
1040.503096 172.843849
1030.889797 169.657771
1021.350645 166.546296
1010.343489 164.794638
1002.205804 161.888136
991.049146 161.532683
985.073101 156.755184
979.876309 151.929294
976.131564 146.100093
984.584960 141.859596
988.936698 137.003602
994.267495 130.771705
998.381966 125.472890
1004.555493 121.887940
1010.311499 116.208376
1019.540547 113.355987
1021.796564 104.539984
1015.700593 96.011635
1014.247496 89.149434
1012.096803 81.122324
1009.348864 71.306546
1010.162667 64.044093
1016.243392 57.765117
1017.660636 49.630118
1017.022984 38.570980
1017.558207 29.402214
1016.439893 18.625918
1010.252772 14.381603
1000.001039 20.660153
990.753007 22.006508
988.749317 32.808922
990.058584 42.049217
986.448027 51.605319
975.717835 42.768310
972.414649 40.033565
967.011866 33.065836
963.710119 24.036483
961.834333 12.994445
952.181158 11.578612
942.042911 10.381846
931.695689 8.753931
922.657402 7.190246
913.081888 7.024303
903.274576 6.516079
