SnakeCtrlPtFile 1
1 114
888.647885 298.123207
885.715978 297.264811
879.293773 306.692571
877.911262 314.476298
872.351390 323.678364
868.575801 332.171608
860.732134 333.791536
849.576070 333.374005
840.306080 333.764413
829.596532 333.476667
821.967301 336.089027
813.255216 337.088518
804.680401 341.230507
798.763101 346.038341
794.764909 351.514904
784.316223 354.606314
776.709988 356.702142
767.440610 353.562997
760.830621 352.286287
751.191709 348.923205
740.493347 351.379992
736.143661 357.581861
734.113171 367.881491
733.738467 378.620610
725.862453 383.480334
733.745064 390.610629
730.433435 399.140532
731.804607 404.067631
732.454988 411.814503
731.906538 422.850614
730.006200 429.961731
721.553675 435.201423
729.599635 445.439919
737.943940 436.619906
742.678712 434.790647
747.654190 423.512438
745.647848 414.555320
747.203496 405.623032
745.591661 397.407915
759.168295 398.625311
767.431175 397.011306
774.161655 402.985477
785.359677 403.248582
790.788324 410.716239
803.279192 410.845368
809.360989 418.191752
801.336686 422.812992
797.863129 429.657314
791.506556 437.445242
780.367633 437.060617
776.508858 447.821011
788.857349 448.791106
793.394685 442.566811
804.086547 442.756379
808.334171 436.737920
815.123323 430.856758
819.744657 422.518033
824.400504 416.382743
830.115389 410.582093
834.240217 405.880050
847.068414 406.447457
843.651137 397.447557
855.621770 397.103429
864.556210 395.118023
866.525592 386.607395
874.180469 382.315648
883.224572 381.183117
888.361513 391.559000
892.713243 398.919721
901.050766 404.841654
909.967459 404.207002
920.126331 408.651345
918.954638 394.946499
908.239953 397.002952
902.712190 392.725989
898.279265 383.319093
896.386383 372.790382
905.741881 378.797727
911.444498 383.956288
921.630964 388.303491
929.166771 390.357448
940.552785 388.513820
948.123353 385.347507
960.221095 385.995987
953.315154 375.139638
942.690107 378.723162
933.987740 379.642700
925.853789 377.315187
917.702550 374.094238
910.948532 367.291422
903.663846 364.944335
896.377992 360.739805
885.367181 363.932752
883.320574 352.006457
885.609006 345.261606
896.625787 344.269301
904.939120 340.436494
912.720988 338.569605
921.904309 335.295908
932.284040 328.981544
939.184402 326.096422
947.228260 317.239001
935.656075 317.725226
928.505069 324.940248
920.833985 329.138616
909.054949 333.410918
901.883758 335.651314
893.389018 337.817243
884.990354 341.800041
874.508949 339.386514
874.454821 332.454993
881.037518 324.133821
883.719143 315.223724
887.794354 309.139952
