SnakeCtrlPtFile 1
1 170
968.006056 306.690965
965.416454 305.885286
958.169063 312.503872
952.998168 318.407721
954.687903 329.580772
948.768755 337.368624
946.825401 345.791174
932.515115 347.872387
937.899749 334.568857
927.642654 328.516161
918.992104 325.889309
909.082051 324.549968
898.909299 324.920144
889.154542 326.115634
878.405346 323.441921
875.966995 316.773085
864.153160 312.199312
855.906467 321.818615
870.189033 323.895120
872.201663 332.613049
859.990914 332.620184
855.746258 338.334267
848.611840 343.148762
843.547776 349.222290
837.489333 354.816606
832.027045 359.922355
828.644909 366.856664
819.951765 371.753305
818.790185 379.402091
814.795152 385.806904
809.024029 391.897092
807.353198 398.047919
797.974163 402.522950
789.794145 405.082746
785.310019 413.565194
796.337705 421.410392
799.796753 409.897600
808.507950 408.934387
815.216096 400.656611
821.249437 398.187311
824.779097 387.991229
833.595912 387.877243
842.356099 389.624145
851.250959 391.828902
863.477759 390.362182
867.909396 395.858909
870.345281 406.252136
857.185210 409.775008
851.282667 411.366316
837.089284 414.416542
851.001466 416.231402
859.665833 413.563684
868.719859 408.878796
877.614340 405.980611
885.482725 411.676677
892.834753 412.584224
902.737729 414.148416
913.700439 413.329036
921.271824 412.457781
933.245907 408.012581
927.940998 417.719741
916.064371 420.035154
909.401641 424.539556
898.977224 429.154279
891.989017 430.222023
879.966387 435.267789
875.222075 438.750745
865.052827 439.261087
859.304228 442.940277
849.423409 446.039213
840.479451 448.429252
830.843585 452.447767
821.752052 450.257687
812.281906 456.737022
822.117276 465.793667
829.934650 458.942403
840.216894 459.140767
849.555254 457.280174
857.641182 455.254985
865.696127 451.629191
875.997549 448.347316
883.869083 444.723609
892.407540 441.522265
900.618743 438.472975
908.970209 434.877512
918.139168 431.324819
925.207161 429.466775
933.986764 428.244158
941.109577 423.210759
949.072462 418.614818
947.861480 406.262428
954.940218 403.448057
966.826960 407.066077
965.021709 418.395674
962.013658 425.553221
959.289784 434.993909
956.876573 445.177501
956.385045 453.993069
956.493578 463.606963
959.515492 474.736960
971.178797 466.363852
962.864040 456.311479
966.438485 447.262615
969.319950 437.293181
973.627999 431.171032
973.686846 419.994507
978.483049 414.145537
973.966634 400.822509
984.455378 402.759640
991.033203 407.440150
994.254013 413.309912
999.484902 424.776570
1003.520411 431.332437
1011.136035 435.088874
1017.668845 437.890694
1027.157279 441.225739
1036.888435 443.218803
1033.629684 429.900324
1022.405871 431.536635
1013.454761 426.339560
1009.448240 422.564317
1004.671478 412.326791
1003.099583 405.740318
996.575766 399.747955
993.629126 394.169285
977.679813 391.097065
977.074181 388.166796
989.776443 384.840985
993.215737 378.718946
1001.748825 375.134703
1002.596444 365.538840
1014.673900 366.688855
1023.422259 368.037210
1034.813149 370.019265
1042.240016 372.523061
1050.356230 375.511083
1061.457641 376.202529
1070.451485 377.884919
1082.511172 374.071627
1072.552019 368.773614
1063.441510 370.335922
1052.418283 367.684355
1043.998942 366.474500
1033.850134 364.241417
1024.986056 363.043211
1015.332966 359.529824
1005.853183 361.297472
998.138808 353.665681
1006.056356 347.387373
1016.266302 342.599731
1022.767303 339.002802
1031.436352 333.506392
1038.321795 329.157859
1046.654882 323.003179
1054.255361 320.181219
1059.357609 310.608440
1046.111011 312.813486
1041.864857 319.198694
1031.931473 323.582920
1024.920282 328.707295
1016.613693 334.013170
1005.401831 338.122204
997.029268 345.157682
987.085121 344.734997
978.553762 340.906068
967.613943 344.369414
957.599507 342.956872
966.594950 330.227748
959.888708 324.020218
971.852458 316.075120
