SnakeCtrlPtFile 1
1 223
239.119475 210.173593
234.269964 206.923484
235.631737 218.377227
242.388435 223.177323
246.275922 228.150276
252.354781 234.495569
256.040145 239.137569
263.201749 244.294239
267.261037 249.263681
274.261252 254.156095
280.442940 259.455062
288.673200 263.841271
293.876788 270.060646
302.836418 272.505353
301.353260 284.634636
289.513606 282.279557
282.066871 281.720552
271.939881 280.207235
262.102579 281.920694
251.837261 281.160383
242.288158 281.823439
231.461270 282.823275
222.966483 280.739403
211.285206 277.844786
215.220184 287.590575
226.183347 286.397908
236.195205 288.265551
244.629969 288.907076
255.192408 288.189978
264.857266 288.315251
275.150230 288.819455
284.805482 289.476627
295.288906 290.144491
299.887042 294.657955
305.257116 300.373368
304.468537 311.392603
311.080175 318.374718
317.481448 320.301551
330.890257 323.001881
328.606837 329.417206
315.900792 330.167440
312.474566 336.648241
306.099222 339.601184
300.554192 345.494366
294.057887 350.294848
287.795082 354.901836
280.883015 358.648219
276.383997 365.268141
264.419978 363.591568
255.108611 363.450963
245.735382 367.775194
252.558831 379.521487
263.014925 371.930568
273.385953 375.212886
280.204508 370.753358
289.248627 370.580639
295.681585 364.397415
300.950221 359.946997
305.402867 354.599038
311.425626 349.932539
317.233132 344.463799
324.829328 341.412992
332.741642 338.286157
342.358808 333.770939
346.068169 328.205373
356.481712 328.695817
355.539801 340.278563
354.915194 351.099331
355.528966 360.974399
356.095244 371.029168
356.403118 380.945723
357.202683 391.102351
358.326011 400.878900
360.467446 408.611145
363.422703 417.603173
361.546332 428.936709
375.133296 426.073330
369.263443 414.322169
366.845095 406.423477
366.435358 395.894761
365.785488 385.910472
364.968929 376.321603
366.180884 365.294115
364.062308 357.460391
365.229441 342.495454
370.563392 351.469001
373.579092 361.637442
379.286830 367.418160
386.865802 373.224515
395.775001 376.315987
403.842944 379.568205
411.307732 382.409501
421.066884 384.165418
430.399193 386.049119
438.633803 387.063659
448.186700 390.041013
457.057261 393.149927
462.457097 399.065608
468.700739 403.578730
472.838468 408.859765
479.306470 413.642645
484.882515 418.897483
491.254140 423.497836
497.871587 429.200778
504.743950 432.948997
515.148167 435.955104
523.092608 435.736347
532.706060 444.772924
537.440025 433.465122
526.639429 429.382117
519.469983 428.113718
508.612716 425.413600
505.531275 419.914668
495.825380 416.102234
492.538424 411.274056
485.406296 406.689741
479.099149 401.266012
473.383273 395.398022
468.478703 390.594289
462.271989 386.606222
457.474447 381.850648
449.487177 376.713776
442.011154 372.498650
456.745769 372.224118
461.624270 369.696674
472.440678 366.819892
479.532806 374.647450
488.222642 378.273873
497.350533 384.108540
505.486763 387.074164
513.134347 388.822996
526.628535 390.521404
523.060869 381.318900
509.429698 381.470376
502.977258 377.945759
490.839064 374.024583
484.107515 368.862349
475.132395 365.759233
474.392601 355.977582
488.391367 357.663926
495.930764 358.593412
508.320780 357.950698
513.870328 362.013298
517.398281 372.302725
522.715663 378.266895
527.809287 383.397825
538.570355 386.776955
544.965389 389.370958
549.044055 401.757822
554.506156 388.830201
547.519683 382.830983
539.660654 378.484370
533.678114 376.702238
525.307900 367.543896
530.471885 359.111730
533.182275 355.743892
518.979357 351.159196
523.466421 339.777076
514.619257 335.110839
513.601452 324.957476
508.333517 316.651078
506.276214 307.189170
501.434998 303.168849
496.032460 295.592692
490.477606 289.765362
479.876000 288.725805
470.068537 289.643330
459.935217 287.963916
450.104459 288.636769
439.785436 288.624474
430.536351 289.685290
422.017863 290.968454
413.749538 294.083969
404.609760 287.950966
395.688060 282.100606
410.429195 278.021212
418.323400 285.104406
428.354620 287.640520
436.189192 284.714337
439.919658 277.892799
450.441239 277.857902
450.153751 266.232680
438.978791 265.578198
434.851237 271.993744
428.064863 275.568196
417.415366 270.772468
410.786050 268.709322
401.177184 266.904578
391.115915 269.007079
387.325522 275.968745
380.723112 281.408267
369.786665 280.844940
360.197201 278.978633
355.907199 272.534540
352.827418 261.828856
345.899551 258.210757
337.749986 252.404671
330.033788 248.092944
325.472904 242.570773
319.649498 236.659504
316.698777 226.376342
304.999971 230.419709
310.610488 237.597749
316.124585 245.548373
320.093213 249.883424
326.878441 258.209369
332.781013 261.458894
346.616841 268.104465
338.430327 273.683974
328.581829 269.147983
319.185074 269.331765
309.567316 273.076112
304.514942 267.070367
297.528609 262.320589
290.125812 257.218084
283.018168 252.263152
274.230073 247.250774
270.134318 242.203464
263.194676 237.366371
259.042092 232.001366
253.558048 227.742464
248.937297 221.251955
243.492772 216.481196
