SnakeCtrlPtFile 1
1 185
867.446159 11.245032
862.985768 9.881578
854.634443 12.991183
851.457942 19.371004
846.591692 24.474137
841.507840 29.884858
838.850128 35.921708
826.683637 37.793692
822.997457 44.086205
820.556495 55.446221
816.325776 65.231331
813.872810 54.759228
809.773366 46.928354
808.722150 38.456688
810.586694 27.623005
805.713155 19.899705
796.446014 15.435805
790.486408 24.732961
790.904775 35.148159
791.723786 44.912400
794.575656 55.081240
796.823046 64.843800
798.984272 75.725472
787.703738 76.462990
784.843548 82.266703
781.550125 90.242495
782.972206 101.717355
784.067046 109.436106
787.950517 116.626062
791.048167 121.945213
795.591656 130.628363
787.276980 135.264282
785.079044 141.447873
775.858564 143.438317
767.389727 147.241912
765.573238 153.524431
761.154767 162.732085
761.051850 171.653221
758.361511 182.389484
758.056991 190.362612
756.641860 201.448432
758.465753 210.553147
757.654948 221.289445
765.221836 225.645054
776.373873 228.393539
785.878328 230.175921
795.930926 230.865663
806.286945 230.666415
815.365726 236.736653
827.751716 240.080359
827.430916 249.811663
827.470612 260.099225
827.252292 269.978005
827.789796 279.950173
826.660843 290.142669
829.262912 299.705437
829.394382 310.763661
824.183191 316.564435
820.664321 323.855288
817.247577 330.035910
814.165021 341.638672
813.620639 350.288241
811.605488 358.953293
810.249541 366.732592
808.127111 375.981550
809.826587 385.530803
807.237943 397.170536
812.573353 403.293318
824.709278 403.046682
833.650276 402.652269
844.136644 400.811516
854.023995 399.985799
863.781998 398.320305
874.700436 397.820666
880.004878 392.589087
887.471286 388.640689
891.573807 381.174450
894.493484 374.457755
897.971712 368.577942
902.753253 360.812758
906.870859 355.085953
911.739247 346.453818
905.594947 337.356677
903.333294 329.394416
899.535686 320.814330
895.711790 312.305036
893.216568 301.555192
888.051678 296.362873
883.390762 289.883326
897.220850 289.416086
905.373459 289.486313
911.911846 296.140895
915.590259 300.680090
919.818847 308.627188
922.993847 314.983701
926.331404 326.547930
925.004488 335.601205
926.175079 346.422854
923.364671 355.404124
923.089239 367.047679
918.487405 373.777126
908.463456 373.563697
908.160161 382.801687
906.440112 391.954837
908.144775 401.416712
910.831466 410.416472
919.009516 412.406846
926.220906 416.391775
926.203941 425.160094
930.193374 433.032272
940.615180 428.239827
949.454328 426.548564
956.790361 421.667602
962.827409 417.789573
970.637169 413.581177
976.268768 408.853876
984.321610 406.928802
987.049960 397.091545
995.361485 401.950006
995.576818 396.904726
994.193317 383.946593
993.960257 375.593218
993.165414 364.645450
993.118046 355.232572
990.526529 344.794467
984.994382 338.432949
980.504373 333.812332
974.575304 329.212554
970.221697 323.970562
963.007426 320.798696
962.402719 311.265045
967.436942 303.341349
968.955419 297.043166
979.132583 293.758825
988.681915 292.123552
996.332795 291.181361
1001.261779 283.597711
1003.007369 273.420774
1003.352772 264.493493
1004.626198 253.510773
1006.393810 244.547418
1009.053774 236.261541
1011.471523 226.832256
1015.447455 220.318386
1020.308095 215.407374
1024.881330 209.739153
1029.342271 204.582744
1034.342969 198.899022
1038.332605 194.189143
1037.859987 181.600787
1032.054447 178.364593
1026.323374 173.152776
1020.000809 168.454500
1015.776037 164.149818
1004.642948 160.931136
995.248265 157.914409
992.110940 152.663866
985.228393 147.740432
982.767683 142.539363
989.550840 136.950520
998.851665 135.137272
1008.374353 132.363376
1006.264028 120.416219
1005.164961 111.313639
1005.778636 100.828726
1003.405571 90.831018
998.111820 85.473828
993.299010 77.855604
989.982432 72.868831
987.192989 61.660322
985.370661 52.998744
980.167493 46.178967
976.078477 41.452201
970.406687 34.613287
967.078894 29.919822
960.231628 24.364940
953.780993 20.714092
944.190928 16.712547
933.814191 14.505921
925.975931 13.337850
917.859010 11.044121
908.122569 10.763731
897.949669 10.859841
887.983542 10.925591
878.123101 10.668805
