SnakeCtrlPtFile 1
1 179
364.490370 418.880296
363.127230 417.223803
351.801297 421.539428
347.067957 426.963039
339.279877 429.679576
328.892876 428.170364
318.998643 428.942350
310.427581 430.941265
299.815878 429.677303
290.047819 429.405774
280.078439 429.407636
269.698898 430.187119
260.919442 435.618528
251.632947 437.122686
245.185296 439.193340
235.183676 444.161579
224.523794 444.751081
216.110651 447.153217
205.770538 449.435162
197.574395 452.497744
186.528238 455.066432
177.406524 457.041357
170.634051 461.372448
166.464290 467.531268
158.844061 470.294734
147.507232 467.533809
138.371358 466.489247
127.487086 464.346953
120.586668 463.847309
109.322870 460.276184
101.556571 457.051073
92.280722 453.582528
86.116312 450.526447
76.050605 443.780463
70.039963 441.502671
60.055209 433.433164
54.025687 440.289555
67.173063 445.339173
74.049326 450.252252
82.186864 454.107933
91.292745 458.750831
100.226175 462.395193
108.522969 465.730120
115.658608 468.157560
124.271964 470.372428
134.658291 471.343129
142.361162 474.116395
154.821641 474.277372
154.109603 478.093671
140.893650 477.746121
132.618095 479.878194
121.625548 480.067844
112.281147 481.806454
101.713057 481.231690
92.392494 481.778573
81.219590 478.989546
74.512085 477.942852
66.158123 472.001343
55.694291 476.734683
69.821261 481.994562
74.404205 483.384103
83.740217 485.510554
92.540585 487.328161
103.268881 487.624789
112.800899 487.467872
123.301846 487.453409
131.732826 485.288516
141.831948 485.944498
152.723123 485.507213
159.625180 488.160375
162.497719 497.315101
165.140325 504.976609
171.431595 511.899291
174.692446 515.770151
185.430023 521.890241
181.491527 526.546025
176.883889 535.912016
172.642341 539.689434
167.116421 546.547437
155.272913 541.704382
147.932999 546.433951
139.297339 548.213397
135.512045 557.864658
150.171891 562.202187
154.316126 554.757977
162.245485 553.389913
173.512510 555.954607
180.612708 548.733159
189.682423 547.187526
193.309067 537.893747
199.081632 528.993235
203.138116 522.985819
205.137859 513.239987
213.325254 511.114553
220.914282 516.004403
233.764400 515.275835
236.361023 506.556665
247.915925 505.909553
247.566968 516.893441
258.538596 518.927676
266.655552 513.641574
270.112330 525.444960
276.370568 527.486410
280.438172 538.705692
290.824413 537.927271
296.853937 543.391980
307.854509 542.336421
312.545670 535.900507
302.624722 528.682649
294.403250 529.140517
284.887704 520.289035
294.104953 518.899379
303.902164 520.981478
314.157740 520.317156
322.986505 518.713952
332.403894 517.751791
342.164131 514.901586
349.039380 511.922297
356.194065 509.583286
363.875738 506.219996
372.448884 500.631127
377.585011 495.524799
383.362873 491.570429
386.296535 479.864240
396.731710 479.086799
401.627572 485.729379
407.453208 490.002163
412.792430 495.418806
418.671547 500.110324
425.763576 505.406992
430.966184 510.011498
439.343482 515.700892
445.743758 518.948448
456.066389 520.906998
465.900089 520.514788
476.335271 515.538418
483.525365 512.734222
498.002034 516.735300
488.133327 503.485011
477.874848 506.704354
470.276090 508.797237
460.541060 510.818728
453.521726 507.833883
447.275417 502.576515
437.719561 498.339000
432.749582 490.564754
441.608626 496.193394
451.107930 499.532173
459.939942 497.384738
468.730669 492.656501
478.636135 494.442322
488.765955 497.208122
484.062050 485.908261
475.259641 485.282007
465.130144 484.286547
456.331173 489.152191
448.193564 484.501225
438.910437 478.685514
436.521884 471.488653
446.351111 471.323199
456.399771 464.972666
443.970985 460.880409
437.869642 468.698344
424.595852 466.824059
435.668745 459.919776
444.120074 460.485135
444.131678 450.377783
430.872806 450.173568
422.972596 448.487228
410.085365 446.158463
421.569564 442.790518
434.493294 441.575966
430.637884 432.546712
418.044605 435.591074
409.821426 433.508277
397.806584 436.300344
392.083972 430.611296
384.000328 425.851387
377.153722 420.462956
