SnakeCtrlPtFile 1
1 221
809.576839 555.735437
805.961585 550.773382
795.714425 557.916070
807.755607 562.827912
807.880877 569.463036
818.764148 574.963553
812.605944 579.938451
817.463285 587.628497
818.915536 597.166976
823.456281 603.600039
829.036528 607.858125
833.343493 615.724861
839.107646 620.701087
839.945535 633.900289
826.970199 628.263525
821.606318 622.894594
814.276993 619.826565
807.387152 613.677249
801.151287 610.087738
797.879193 602.800968
783.416033 601.855419
792.545741 611.203304
798.561943 613.985897
805.869723 620.156259
812.537518 624.538678
819.437450 629.851184
825.670848 634.745846
833.055491 639.422309
829.132711 652.584226
833.180769 657.789874
835.241217 673.954590
826.831605 665.189214
825.932664 659.420954
817.633601 654.975030
812.397707 649.543338
806.538407 645.102536
801.041410 638.107255
796.010714 634.699809
790.161656 627.974324
785.152378 621.578331
781.345228 614.762057
776.600199 607.711995
774.271436 600.261992
769.026601 591.968184
770.286034 580.096374
755.781020 583.244761
756.152501 588.745519
762.493904 598.147666
767.743760 607.021658
769.536156 614.627507
773.671226 619.300738
778.500408 628.385482
783.025181 633.803063
788.418627 640.098019
793.106460 644.287538
798.324317 650.631869
804.763860 655.832758
807.878506 662.839109
813.749723 668.385755
818.777595 673.045047
823.717443 682.084459
828.799655 689.352672
833.674916 695.625177
838.878090 703.440271
843.536170 708.080777
848.986192 714.643622
854.749647 719.061116
860.993110 724.467074
867.656634 726.935276
881.148043 725.724121
880.684187 734.307307
872.072758 736.123012
863.545322 738.124667
852.697816 737.140270
843.175849 737.771569
832.881352 737.202480
823.098907 737.929443
812.874971 739.173718
803.231930 737.000390
792.059351 738.369267
798.520323 750.848414
807.906887 743.481094
818.029703 746.480054
827.979433 745.000109
838.024950 745.740338
847.959816 745.427525
858.072741 745.370815
867.873249 746.445046
878.361077 746.012445
886.190910 742.248722
890.173999 734.737273
902.508727 737.696513
901.099957 746.245449
899.176226 756.385843
900.879286 767.383513
900.803173 776.849006
902.770561 785.639933
900.040175 796.285290
898.238549 804.620615
896.762000 814.925043
896.358150 825.715215
901.654003 830.864174
901.014533 841.776233
906.815737 846.958287
914.886774 842.201881
909.173925 830.883258
904.793247 823.639524
905.757280 812.668878
908.864915 803.121522
910.829417 794.061246
912.840424 784.425815
912.647964 772.951320
911.215593 766.279789
906.782663 755.186546
914.554812 760.430561
919.872552 767.006372
926.125986 773.208350
934.552182 775.219598
943.276297 780.771402
951.953790 779.714135
956.758918 789.132542
961.759101 794.295636
966.690175 801.548247
971.904660 806.841556
976.395270 812.587083
982.835668 818.537840
987.737330 823.212230
994.087505 828.074747
999.070165 833.639213
1006.711908 837.534711
1011.449037 844.576300
1023.383942 846.062477
1013.786569 836.823407
1008.437799 833.998365
1002.283043 827.838456
998.180956 823.486232
991.155027 818.107635
987.076037 813.328757
981.523734 808.307826
976.981791 801.677469
971.406930 797.835481
967.368814 790.126807
960.549102 785.494826
959.540965 771.873872
969.859141 772.249543
978.950657 779.684358
988.276819 782.986518
998.039706 785.380724
1007.556743 787.837668
1016.647402 789.056311
1027.194590 790.030724
1036.911528 789.997718
1046.916527 793.377842
1058.186198 788.079653
1043.740317 785.434287
1035.667459 785.626801
1024.557878 784.375785
1015.413779 783.296535
1004.317095 781.531601
997.410096 778.848081
987.020835 775.884099
978.952470 770.348721
968.138508 766.680494
967.047935 758.446196
963.977748 748.202377
961.820073 739.709987
954.697757 730.450892
960.673246 723.259967
972.410732 727.958398
979.343964 726.874641
989.458270 730.317257
996.909608 730.756346
1006.735395 736.613684
1015.276753 732.807325
1011.921179 724.483356
1000.434626 723.826994
991.511922 721.525670
982.792456 717.157942
974.394149 717.492248
965.173261 714.769772
955.129419 715.883033
944.221366 716.789323
942.278864 709.019396
935.543308 698.910811
942.800024 693.822979
947.990449 688.566045
950.671348 677.613508
947.794077 670.363528
944.607451 662.164934
942.847941 653.552623
946.264894 643.547213
952.738458 635.509217
942.247567 628.180957
939.504189 637.396463
937.174621 646.777843
933.328560 653.028727
934.209375 664.631030
937.812769 673.285942
934.053973 685.510137
927.214733 682.095148
921.248474 676.537905
921.115369 667.295558
920.599490 656.913767
920.426304 646.913020
921.289692 637.295913
916.984972 629.255068
915.765185 621.943304
911.634561 613.124972
912.365041 602.897721
906.213302 597.775237
900.521449 592.650510
891.233462 589.000922
882.963560 585.025909
873.530299 583.524419
864.256666 580.954445
853.904727 578.782983
843.987255 576.236638
833.912443 574.745448
827.439282 571.531060
819.794011 569.760592
816.625773 559.037503
