LinkedEdgelFile 0 0 972 1463 1 1845 1845
0 1845
862.999998 10.852941 163.433303 -1.570810 
861.999920 10.852964 163.433328 -1.571341 
860.998773 10.853867 163.433110 -1.579194 
859.992051 10.869346 163.520187 -1.631560 
858.995726 10.981482 164.641274 -1.797633 
858.126897 11.246745 162.823560 -2.045805 
857.723357 11.607798 153.486668 -2.185109 
857.045383 12.045837 177.306469 -2.351214 
856.610040 12.650450 157.899302 -2.410785 
856.081835 13.070400 181.105031 -2.431168 
855.708931 13.747164 167.868444 -2.426372 
855.142567 14.124953 179.777988 -2.421941 
854.791510 14.815620 175.378588 -2.417487 
854.204075 15.180213 175.694029 -2.418209 
853.853845 15.872841 179.406848 -2.425586 
853.293914 16.251403 167.687666 -2.433994 
852.923056 16.936018 181.241239 -2.447915 
852.456282 17.371738 155.600703 -2.457946 
852.005024 18.004137 181.731172 -2.452741 
851.570289 18.641736 157.030124 -2.446619 
851.081280 19.069149 181.314381 -2.436665 
850.711061 19.749055 168.117904 -2.426452 
850.143550 20.126106 179.766681 -2.420795 
849.792693 20.815966 175.463344 -2.415594 
849.203590 21.180402 175.705911 -2.416508 
848.853244 21.872085 179.353220 -2.424681 
848.291792 22.250020 167.833220 -2.433140 
847.921442 22.934501 181.194459 -2.446596 
847.449910 23.367883 155.948855 -2.456163 
847.002223 24.001835 181.707534 -2.451463 
846.563182 24.635828 156.514178 -2.446642 
846.078655 25.066724 181.333908 -2.438079 
845.706968 25.746857 167.800682 -2.429098 
845.142856 26.124870 179.768492 -2.423273 
844.792071 26.816029 175.395667 -2.417251 
844.204380 27.180756 175.614622 -2.417457 
843.853973 27.872810 179.353589 -2.425032 
843.293639 28.251363 167.659040 -2.433610 
842.922849 28.935843 181.215928 -2.447896 
842.455385 29.371034 155.653897 -2.457910 
842.004291 30.003543 181.706495 -2.451480 
841.568462 30.639058 156.813659 -2.445043 
841.080227 31.068195 181.291659 -2.437087 
840.709053 31.748783 167.983908 -2.429345 
840.144324 32.126076 179.671755 -2.423576 
839.793616 32.817167 175.485276 -2.416630 
839.203841 33.181312 175.565083 -2.414623 
838.850029 33.865469 178.946161 -2.410413 
838.237981 34.229518 170.387324 -2.374295 
837.860671 34.843802 175.969291 -2.299174 
837.132741 35.190466 173.125069 -2.179458 
836.755793 35.577902 160.815348 -2.095298 
835.969447 35.936476 176.012285 -2.019108 
835.083518 36.216283 170.769810 -1.939308 
833.892168 36.700857 167.381880 -1.916768 
832.986880 36.967200 174.463249 -1.951313 
832.081982 37.219831 170.393452 -1.927751 
830.890545 37.698215 167.273338 -1.918732 
829.986316 37.965911 174.525023 -1.952529 
829.081599 38.218840 170.489838 -1.927698 
827.889218 38.707032 167.798270 -1.932315 
827.004024 39.008182 176.069166 -2.027928 
826.220898 39.348486 162.643463 -2.135755 
825.847008 39.817751 169.396059 -2.269144 
825.233910 40.192257 166.358372 -2.453624 
824.900043 40.947031 174.496553 -2.654295 
824.504905 41.819908 159.100580 -2.792719 
824.341259 42.122908 166.444668 -2.795896 
824.062005 43.025010 174.835926 -2.758203 
823.810609 43.926961 171.925773 -2.773516 
823.334370 45.118424 166.481637 -2.801206 
823.059019 46.023818 174.849507 -2.758017 
822.807672 46.926153 171.827057 -2.774989 
822.333464 48.117587 166.528735 -2.802583 
822.058875 49.023716 174.831110 -2.758657 
821.807916 49.926437 171.813515 -2.775851 
821.336368 51.117816 166.405660 -2.804688 
821.061642 52.024772 174.775219 -2.759478 
820.811071 52.927446 171.899091 -2.774931 
820.340048 54.118670 166.213507 -2.805825 
820.065520 55.026146 174.610390 -2.761906 
819.816545 55.929921 171.974684 -2.776701 
819.352512 57.121792 165.690009 -2.808933 
819.081150 58.032399 174.344974 -2.761737 
818.851098 58.942089 171.746999 -2.770674 
818.590899 59.860453 157.698885 -2.812863 
818.444648 60.181292 153.634994 -2.754449 
818.187446 61.101337 154.665540 -2.645982 
817.939518 61.957068 138.900253 -2.524295 
817.512427 62.525556 103.429321 -2.369840 
816.361875 62.503307 110.695004 -0.941153 
816.007697 61.992990 132.449818 -0.738763 
815.599461 61.244502 137.876372 -0.548055 
815.356322 60.861665 149.588328 -0.370320 
815.121276 59.949006 169.481743 -0.398038 
814.905556 59.040753 174.530939 -0.407362 
814.630100 58.142256 164.921624 -0.367143 
814.453876 57.829714 160.841625 -0.358930 
814.129148 56.945701 174.175800 -0.398002 
813.872000 56.053587 174.133014 -0.396476 
813.546307 55.169169 160.791316 -0.356903 
813.366290 54.860400 164.824422 -0.364124 
813.071532 53.969957 174.932408 -0.397618 
812.812958 53.075722 172.114258 -0.384671 
812.292753 51.884426 168.040010 -0.376001 
812.014747 50.993691 175.681356 -0.404259 
811.745061 50.101350 169.839916 -0.378391 
811.217949 48.911025 171.340385 -0.387588 
810.953094 48.020111 175.707618 -0.405039 
810.663643 47.130471 166.383117 -0.370029 
810.486014 46.817773 159.401522 -0.358719 
810.146488 45.938568 173.714506 -0.397088 
809.887626 45.047608 174.595976 -0.400737 
809.567616 44.163743 161.774863 -0.362008 
809.381596 43.854344 164.097818 -0.364633 
809.088574 42.964875 173.823226 -0.377533 
808.851957 42.042004 169.695426 -0.276464 
808.666105 41.016395 163.621130 -0.049063 
808.746124 39.961653 165.286861 0.149914 
808.919127 38.979962 168.369631 0.242876 
809.100811 38.026272 168.808448 0.254932 
809.285614 37.059122 166.289630 0.204116 
809.444478 36.060733 162.350473 0.135798 
809.593185 34.943146 163.509497 0.138854 
809.744014 33.948065 166.525827 0.200164 
809.921094 32.979771 168.694852 0.250958 
810.103618 32.026746 168.706315 0.252608 
810.290026 31.048487 165.283783 0.165650 
810.385572 29.976094 162.728264 -0.061921 
810.133684 28.949874 171.592271 -0.358735 
809.847168 28.089744 175.172252 -0.530963 
809.063265 26.956342 180.973520 -0.604039 
808.710087 26.204784 169.009430 -0.614984 
808.246054 25.824763 171.958793 -0.618861 
807.902949 25.068273 180.199996 -0.613052 
807.067148 23.953155 181.096683 -0.609141 
806.712941 23.203202 169.188347 -0.615992 
806.248209 22.823339 171.816142 -0.618563 
805.904579 22.067014 180.259305 -0.612264 
805.068133 20.952270 181.091831 -0.611085 
804.713819 20.204220 169.204362 -0.619798 
804.242794 19.824903 172.060967 -0.624795 
803.893182 19.078740 179.253343 -0.635219 
803.409261 18.651644 155.747331 -0.705180 
802.937665 18.074446 171.363495 -0.873710 
802.113635 17.693166 158.626148 -1.216110 
801.015387 17.453737 159.508442 -1.604696 
799.934496 17.589344 162.700579 -1.728974 
798.944828 17.787437 168.271297 -1.824749 
797.996962 17.989805 170.446920 -1.860412 
797.047888 18.187067 168.394561 -1.821409 
796.070685 18.374528 164.252503 -1.757334 
794.913327 18.610337 163.684574 -1.789663 
793.959140 18.910918 169.415044 -2.000839 
793.222193 19.246243 158.340675 -2.304899 
792.869598 19.926380 166.085107 -2.627637 
792.399798 21.072080 162.160411 -2.963218 
792.271784 22.040917 164.995550 -2.992166 
792.139711 23.026258 166.286792 -2.955816 
791.987648 23.997443 166.896569 -2.937423 
791.840538 24.971221 166.029115 -2.963041 
791.712925 25.957611 164.947616 -2.994995 
791.599303 26.954342 163.682172 -3.028136 
791.510474 27.963889 161.876476 -3.067958 
791.441369 29.031949 163.494639 -3.069332 
791.367077 30.036155 164.198570 -3.043416 
791.273778 31.035369 164.790775 -3.013116 
791.153412 32.027038 165.952200 -2.967138 
791.003911 33.000817 166.957912 -2.935699 
790.851979 33.972374 166.228575 -2.957080 
790.721609 34.960241 164.911728 -2.999734 
790.613487 35.966904 163.455690 -3.056173 
790.567489 37.013236 162.654399 3.110999 
790.690847 38.058054 165.706113 2.955972 
790.898241 39.030472 170.410681 2.850640 
791.104624 39.968475 170.526031 2.848928 
791.312928 40.928281 166.327277 2.916297 
791.567274 42.087305 162.462390 2.942509 
791.781669 43.060193 168.671269 2.872581 
791.992066 44.002509 171.276784 2.835308 
792.200066 44.945367 168.922291 2.875017 
792.406508 45.916398 163.433838 2.938762 
792.678385 47.078731 166.084612 2.901515 
792.898281 48.032034 170.968052 2.836502 
793.108090 48.967133 170.618298 2.846403 
793.318107 49.926944 166.151716 2.915848 
793.579332 51.088274 162.780513 2.934751 
793.797744 52.057472 169.046863 2.864735 
794.008485 52.997309 171.321611 2.834450 
794.217239 53.942252 168.586350 2.881775 
794.420754 54.916541 163.007928 2.945778 
794.687075 56.076625 166.299389 2.901450 
794.904032 57.029936 170.848666 2.839222 
795.111875 57.966360 170.422901 2.849505 
795.321059 58.926331 165.992147 2.916041 
795.582186 60.087166 162.863560 2.935919 
795.798617 61.056993 169.028693 2.865797 
796.009624 61.996938 171.353761 2.833585 
796.219277 62.941755 168.509294 2.881967 
796.422460 63.916981 162.879767 2.947552 
796.686298 65.076454 166.207512 2.902538 
796.903133 66.030162 170.803542 2.839736 
797.110855 66.966603 170.435602 2.848973 
797.320498 67.926322 165.996880 2.915634 
797.579463 69.086524 162.819047 2.938678 
797.796039 70.057617 169.017184 2.866276 
798.012236 70.996157 171.078423 2.837277 
798.227450 71.958175 164.764469 2.959739 
798.275407 73.058754 155.809838 -2.931410 
797.882320 73.890956 155.826449 -2.394270 
797.134837 74.297499 159.051623 -1.996337 
795.923966 74.700328 166.643204 -1.819276 
794.973325 74.919330 171.766778 -1.890146 
794.053784 75.147377 171.756100 -1.920719 
793.164593 75.446452 161.128162 -1.924004 
792.854860 75.632539 164.501501 -1.946968 
791.978726 75.956796 177.291342 -2.028347 
791.142205 76.260732 170.377404 -2.070107 
790.765772 76.585841 161.420097 -2.085500 
789.988528 76.982049 180.802531 -2.139463 
789.247894 77.349499 165.110808 -2.187726 
788.864363 77.826124 176.754239 -2.233273 
788.149246 78.172081 177.212356 -2.285248 
787.779661 78.764511 171.845717 -2.322970 
787.125692 79.125695 180.110039 -2.356182 
786.764349 79.778813 171.933020 -2.387845 
786.168873 80.147611 177.659470 -2.423273 
785.822525 80.859438 176.797736 -2.471743 
785.334885 81.241113 166.201166 -2.517577 
784.973548 81.983089 181.015151 -2.572758 
784.568236 82.759855 160.678270 -2.634006 
784.254491 83.136558 170.859785 -2.649100 
783.955763 83.978803 177.031520 -2.694753 
783.641265 84.866392 164.950946 -2.785066 
783.478957 85.163720 159.824509 -2.812219 
783.183416 86.062883 170.475415 -2.811309 
782.959135 86.986551 171.796965 -2.823641 
782.744178 87.938793 167.636808 -2.906750 
782.571722 88.944407 163.211833 -3.012508 
782.471060 90.029035 162.091021 -3.080033 
782.425757 91.016205 163.235446 -3.103548 
782.404968 92.006521 163.419325 -3.125492 
782.399790 93.000451 163.431371 -3.140464 
782.403131 93.996001 163.439399 3.131674 
782.415384 94.990708 163.442680 3.119227 
782.438974 95.985003 163.273760 3.107442 
782.473799 96.981335 162.460829 3.102220 
782.516719 98.021330 162.055240 3.097486 
782.564736 99.031535 163.212452 3.069268 
782.658261 100.047394 164.704733 3.003788 
782.808271 101.039623 166.777419 2.937801 
782.973790 102.006211 167.934712 2.908910 
783.141529 102.967653 167.573263 2.916901 
783.307876 103.941980 165.620105 2.955325 
783.465424 104.926001 161.461958 2.983920 
783.502441 105.081126 160.012042 2.979967 
783.707913 106.073734 167.006135 2.894321 
783.933627 107.022390 172.068270 2.816240 
784.156605 107.947553 171.017500 2.818432 
784.418098 108.875308 162.680731 2.851754 
784.539819 109.139056 160.697812 2.848139 
784.844582 110.060496 172.855727 2.770388 
785.102405 110.955053 175.047298 2.727997 
785.436255 111.811508 161.510733 2.733750 
785.670768 112.148874 166.691980 2.716923 
785.993215 113.003509 178.361745 2.664251 
786.317633 113.826023 167.532989 2.640495 
786.657946 114.194578 165.862155 2.624390 
787.019274 114.987844 180.878619 2.578895 
787.407215 115.725500 161.628341 2.548469 
787.824425 116.122750 176.561900 2.531450 
788.152284 116.896356 177.791955 2.544008 
788.524133 117.302093 158.209339 2.575959 
788.937805 118.037024 179.827196 2.604647 
789.266622 118.853735 170.458867 2.639835 
789.581544 119.222623 162.080942 2.652666 
789.952933 120.025844 179.042369 2.639441 
790.271064 120.853983 170.184022 2.647480 
790.580183 121.222715 161.925182 2.653839 
790.951805 122.026510 179.064859 2.638705 
791.269783 122.854368 170.261818 2.646606 
791.579403 123.223450 161.881867 2.653243 
791.951207 124.026814 179.048815 2.639101 
792.268695 124.855513 170.323416 2.648212 
792.575770 125.224290 161.708413 2.655250 
792.948963 126.027968 178.934176 2.640292 
793.265439 126.860262 169.749142 2.657017 
793.567222 127.218269 159.896240 2.674477 
793.891980 128.041956 170.138494 2.771120 
794.118827 128.997885 160.222945 3.123797 
793.864087 129.934694 164.219747 -2.693666 
793.032498 131.030706 178.813289 -2.384539 
792.602186 131.603612 155.507837 -2.357990 
792.037645 132.037657 180.918144 -2.356039 
791.602594 132.602508 155.747197 -2.356087 
791.037479 133.037480 180.961135 -2.356182 
790.602442 133.602441 155.740652 -2.356194 
790.037474 134.037474 180.961311 -2.356194 
789.602440 134.602440 155.740579 -2.356194 
789.037474 135.037474 180.961311 -2.356193 
788.602430 135.602415 155.739268 -2.356176 
788.037429 136.037437 180.961312 -2.356092 
787.602200 136.601910 155.711804 -2.355831 
787.037071 137.037127 180.961362 -2.355440 
786.601166 137.600376 155.614569 -2.355205 
786.036473 138.036528 180.961362 -2.355442 
785.599685 138.599408 155.518496 -2.355848 
785.036195 139.036195 180.961311 -2.356193 
784.599399 139.599662 155.517191 -2.356522 
784.036482 140.036434 180.961345 -2.356846 
783.600164 140.600668 155.586077 -2.356825 
783.036669 141.036677 180.958705 -2.356085 
782.599794 141.597898 155.446619 -2.353831 
782.031009 142.031905 180.593690 -2.341947 
781.570348 142.519651 150.748183 -2.300540 
780.962391 142.945606 174.110293 -2.175743 
780.102803 143.299081 160.577489 -1.901875 
779.004851 143.525905 158.595068 -1.560564 
777.978248 143.460976 161.205454 -1.523644 
776.995928 143.420207 162.936237 -1.561106 
776.027735 143.441809 162.354742 -1.633489 
774.914067 143.612671 163.825886 -1.789121 
773.954903 143.886919 173.693463 -1.950271 
773.083280 144.161329 174.497133 -2.047330 
771.934407 144.901480 179.490472 -2.158188 
771.186198 145.240750 172.453720 -2.229113 
770.812948 145.781215 173.583654 -2.278162 
770.128622 146.136690 179.450476 -2.325797 
769.761714 146.765896 171.118420 -2.365048 
769.144204 147.132303 179.315540 -2.399209 
768.790307 147.819641 174.769075 -2.431259 
768.233976 148.189684 173.171325 -2.460363 
767.887425 148.915900 180.177932 -2.499976 
767.486939 149.335818 156.664751 -2.537847 
767.050523 150.033045 180.692035 -2.562371 
766.699292 150.816709 168.249351 -2.594194 
766.324394 151.190582 167.118380 -2.610414 
765.984349 151.991174 179.636536 -2.628138 
765.629687 152.808490 164.663090 -2.664313 
765.328650 153.167704 167.053495 -2.669753 
765.004451 154.002278 178.414837 -2.668514 
764.688114 154.851195 167.807243 -2.696423 
764.431046 155.199635 161.721244 -2.707864 
764.083306 156.039592 176.636336 -2.697927 
763.807097 156.916142 172.806852 -2.731518 
763.264024 158.104985 169.541493 -2.763126 
762.997988 158.999176 175.154374 -2.752746 
762.739423 159.910600 168.886804 -2.811091 
762.334944 161.096301 165.769833 -2.861629 
762.100819 162.032909 171.343579 -2.826083 
761.887162 162.965200 170.745732 -2.842438 
761.674868 163.929642 165.948196 -2.928481 
761.501917 164.934449 160.369028 -3.010738 
761.478348 165.059534 161.328425 -3.017772 
761.362606 166.047186 164.312021 -3.012189 
761.246369 167.038401 165.372181 -2.986971 
761.112686 168.021458 166.368946 -2.953424 
760.963219 168.992473 166.816904 -2.939739 
760.816205 169.967546 165.913465 -2.966817 
760.690952 170.957054 164.685100 -3.003514 
760.583112 171.952973 163.158480 -3.029263 
760.462308 173.052487 162.236779 -3.028545 
760.322084 174.060775 165.954920 -2.955093 
760.127934 175.036244 169.803015 -2.865526 
759.922473 175.975650 170.950840 -2.837268 
759.704713 176.922974 166.751256 -2.886428 
759.407819 178.090963 163.229175 -2.922138 
759.189576 179.053581 169.206665 -2.866142 
758.985652 179.995843 170.110117 -2.859617 
758.795919 180.960334 166.488680 -2.949625 
758.675112 181.970222 164.089935 -3.050192 
758.622550 182.976898 163.525421 -3.080463 
758.568896 183.970991 162.911231 -3.074403 
758.504531 184.967942 161.298544 -3.076981 
758.498950 185.031116 161.171255 -3.079310 
758.428763 186.038277 163.504855 -3.052556 
758.326892 187.045730 164.956183 -3.002602 
758.190380 188.035966 166.320052 -2.954878 
758.035828 189.008091 167.547518 -2.919475 
757.869424 189.970594 167.497236 -2.920088 
757.707572 190.950913 165.502561 -2.975284 
757.588521 191.957726 163.403059 -3.039215 
757.511942 192.969791 161.518032 -3.079775 
757.462810 194.016713 162.846641 -3.105496 
757.435910 195.014071 163.428977 -3.109323 
757.407044 196.016228 163.557569 -3.101747 
757.370680 197.016504 163.595084 -3.097097 
757.336402 198.012242 163.541484 -3.105218 
757.314203 199.005129 163.455076 -3.125271 
757.311256 199.997273 163.439577 3.132831 
757.327756 200.990663 163.499610 3.113112 
757.355589 201.986301 163.554542 3.103086 
757.388501 202.984805 163.558261 3.102501 
757.418559 203.986911 163.512595 3.110331 
757.439909 204.989979 163.454577 3.118817 
757.457117 205.988559 163.199570 3.116570 
757.487432 206.981076 161.916617 3.102789 
757.544061 208.028275 162.472613 3.079656 
757.605100 209.032096 163.617494 3.060496 
757.693885 210.041224 164.856611 3.007729 
757.836381 211.032484 166.619515 2.945608 
757.993346 212.001403 167.025865 2.933807 
758.139117 212.974120 166.234697 2.957662 
758.273145 213.957030 165.386503 2.985557 
758.393143 214.952996 164.000210 3.022597 
758.493591 215.952704 160.987167 3.046064 
758.507593 216.049974 160.964879 3.040450 
758.630253 217.058233 164.371469 2.985380 
758.799480 218.047021 167.622496 2.911261 
758.985827 219.003834 169.273219 2.877402 
759.169535 219.959091 168.026508 2.904818 
759.345546 220.930815 165.234605 2.943987 
759.710801 222.114981 164.810158 2.763170 
760.091043 222.921815 168.983343 2.432030 
760.755370 223.376479 157.433282 2.147020 
761.131099 223.729169 167.637343 2.021613 
761.993759 224.015295 174.283115 1.958179 
762.905945 224.278280 167.988381 1.896729 
764.095655 224.711534 167.705217 1.890985 
765.013589 224.964266 173.933127 1.934182 
765.928063 225.205652 170.642919 1.907291 
767.115136 225.617404 164.242487 1.863109 
768.043021 225.879689 172.451081 1.914206 
768.958754 226.113038 172.516240 1.920671 
769.881892 226.380115 163.902004 1.872056 
771.070805 226.794998 170.350945 1.903354 
771.986689 227.035170 173.767892 1.932611 
772.904793 227.287058 167.776569 1.891044 
774.093928 227.711178 167.776004 1.885219 
775.014443 227.961713 173.820669 1.931518 
775.928864 228.202182 170.670014 1.909109 
777.115974 228.616550 164.102713 1.864499 
778.043232 228.877377 172.226197 1.909747 
778.964762 229.103929 172.050814 1.897688 
779.924154 229.335955 165.733353 1.792835 
781.042642 229.522578 161.546663 1.659877 
782.022805 229.583434 163.368078 1.625487 
783.023519 229.624834 163.735352 1.633405 
784.032614 229.694769 164.363152 1.677243 
785.028727 229.805202 165.200842 1.717210 
786.010995 229.922649 165.076169 1.711996 
786.997860 230.018723 164.497221 1.684594 
787.988016 230.100572 164.587964 1.689399 
788.971088 230.200707 165.099801 1.713864 
789.958830 230.317924 164.689881 1.699575 
790.968090 230.412445 163.627389 1.648010 
791.980546 230.459586 162.880155 1.613099 
792.980576 230.494868 161.676177 1.610027 
794.023345 230.544161 162.817283 1.621965 
795.020791 230.589770 163.493562 1.621435 
796.021611 230.629948 163.700501 1.629131 
797.030167 230.691671 164.213371 1.668327 
798.029913 230.798057 165.216498 1.717851 
799.012004 230.923632 165.439947 1.726705 
799.995938 231.032690 164.690060 1.694417 
800.987288 231.115620 164.416557 1.680305 
801.973838 231.203988 164.749997 1.698354 
802.960775 231.310265 164.606533 1.696554 
803.963857 231.406997 163.659719 1.659367 
804.966944 231.470780 162.359553 1.640896 
806.074910 231.603853 164.342354 1.757687 
807.051403 231.864512 173.173685 1.933414 
807.934004 232.132133 175.425121 2.034018 
809.106173 232.804502 173.733307 2.068319 
809.940720 233.108124 177.400127 2.072302 
811.107237 233.802156 173.742060 2.067499 
811.941845 234.106339 177.428186 2.071245 
813.108460 234.800634 173.680482 2.069041 
813.942120 235.105423 177.472347 2.072895 
815.108466 235.800471 173.626763 2.068722 
815.942287 236.105270 177.411256 2.072287 
817.108725 236.800144 173.582287 2.069033 
817.942356 237.105078 177.417293 2.072548 
819.108776 237.799924 173.563146 2.068769 
819.942848 238.104512 177.372620 2.071215 
821.110019 238.796422 173.320291 2.066260 
821.944205 239.101706 177.417736 2.072554 
823.110359 239.798429 173.453020 2.071712 
823.942272 240.104709 177.485270 2.074654 
825.104218 240.818906 174.341003 2.093002 
825.903094 241.146153 174.943263 2.156289 
826.326363 241.625542 155.273358 2.287675 
826.879574 242.087923 169.182456 2.510950 
827.219111 242.931646 166.357685 2.839201 
827.404558 243.970569 163.523100 3.068972 
827.421675 244.997109 163.427481 3.134738 
827.421632 246.000028 163.433304 -3.141527 
827.421571 247.000017 163.433303 -3.141553 
827.421569 248.000001 163.433303 -3.141591 
827.421569 249.000000 163.433303 3.141593 
827.421569 250.000000 163.433303 3.141593 
827.421569 251.000000 163.433303 3.141593 
827.421569 252.000000 163.433303 3.141593 
827.421569 253.000000 163.433303 3.141593 
827.421569 254.000000 163.433303 3.141593 
827.421569 255.000000 163.433303 3.141593 
827.421569 256.000000 163.433303 3.141593 
827.421569 257.000000 163.433303 3.141593 
827.421569 258.000000 163.433303 3.141593 
827.421569 259.000000 163.433303 3.141593 
827.421569 260.000000 163.433303 3.141593 
827.421569 261.000000 163.433303 3.141593 
827.421569 262.000000 163.433303 3.141593 
827.421569 263.000000 163.433303 3.141593 
827.421569 264.000000 163.433303 3.141593 
827.421569 265.000000 163.433303 3.141593 
827.421569 266.000000 163.433303 3.141593 
827.421569 267.000000 163.433303 3.141593 
827.421569 268.000000 163.433303 3.141593 
827.421569 269.000000 163.433303 3.141593 
827.421569 270.000000 163.433303 3.141593 
827.421569 271.000000 163.433303 3.141593 
827.421569 272.000000 163.433303 3.141593 
827.421569 273.000000 163.433303 3.141593 
827.421569 274.000000 163.433303 3.141593 
827.421569 275.000000 163.433303 3.141593 
827.421569 276.000000 163.433303 3.141593 
827.421569 277.000000 163.433303 3.141593 
827.421569 278.000000 163.433303 3.141593 
827.421569 279.000000 163.433303 3.141593 
827.421569 280.000000 163.433303 3.141593 
827.421569 281.000000 163.433303 3.141593 
827.421569 282.000000 163.433303 3.141593 
827.421569 283.000000 163.433303 3.141593 
827.421569 284.000000 163.433303 3.141593 
827.421569 285.000000 163.433303 3.141593 
827.421569 286.000000 163.433303 3.141593 
827.421569 287.000000 163.433303 3.141593 
827.421569 287.999999 163.433303 3.141591 
827.421571 288.999979 163.433304 3.141543 
827.421650 289.999682 163.433027 3.140838 
827.422810 290.997745 163.424049 3.136260 
827.430610 291.991434 163.302679 3.121702 
827.458156 292.979371 162.536242 3.096596 
827.533883 294.047158 161.882087 3.040763 
827.675244 295.062550 165.620959 2.951317 
827.873422 296.036257 169.795895 2.862622 
828.078835 296.975424 170.850272 2.839406 
828.296369 297.921399 166.624657 2.882349 
828.620417 299.096300 163.855550 2.893134 
828.854194 300.045763 170.377615 2.837470 
829.065796 300.979693 170.930930 2.842223 
829.270517 301.942591 166.984754 2.932476 
829.417125 302.957948 163.851155 3.041118 
829.475068 303.986974 162.610056 3.114180 
829.475706 305.012918 162.608889 -3.114443 
829.414930 306.044788 163.971223 -3.034067 
829.252290 307.059761 167.842705 -2.909004 
829.028384 308.010027 172.786062 -2.802005 
828.786318 308.917436 170.589767 -2.772874 
828.247167 310.107304 170.391627 -2.732011 
827.951538 310.975210 177.879191 -2.668762 
827.601005 311.784600 162.954401 -2.646571 
827.273832 312.154202 169.892544 -2.628728 
826.942328 312.965238 180.065894 -2.599145 
826.529020 313.707321 158.537722 -2.585569 
826.167818 314.109477 176.676006 -2.563564 
825.843481 314.896604 177.378804 -2.557803 
825.475512 315.305802 157.969902 -2.570083 
825.043574 316.028647 181.312940 -2.560000 
824.687436 316.793029 167.656197 -2.556709 
824.259945 317.173142 171.025890 -2.554002 
823.919767 317.947064 180.319601 -2.558372 
823.120108 319.078290 178.704466 -2.563933 
822.793156 319.867473 174.203849 -2.571776 
822.413840 320.255744 161.724689 -2.588060 
822.025921 321.015817 180.592446 -2.593707 
821.675738 321.810266 167.091881 -2.612182 
821.315370 322.182320 167.706284 -2.617421 
820.976665 322.986600 179.862574 -2.620309 
820.610927 323.788436 163.504039 -2.643549 
820.288696 324.156657 169.233539 -2.644421 
819.967822 324.982637 178.954735 -2.646762 
819.615333 325.805521 163.861071 -2.673494 
819.323615 326.163027 167.218408 -2.674936 
819.002365 327.001204 178.250251 -2.670551 
818.686267 327.850482 167.622264 -2.696858 
818.429220 328.198800 161.739905 -2.707845 
818.081038 329.038728 176.686610 -2.695781 
817.801964 329.911764 172.683169 -2.722442 
817.236730 331.099129 170.741245 -2.745034 
816.968019 331.986373 175.542728 -2.738802 
816.687678 332.883034 167.068595 -2.783256 
816.200173 334.075455 171.087221 -2.781113 
815.954326 334.982532 173.959760 -2.776312 
815.701960 335.909067 167.208734 -2.845461 
815.353633 337.085913 164.680638 -2.903267 
815.152378 338.040558 168.681659 -2.881459 
814.964329 338.990342 169.280699 -2.877175 
814.779623 339.951601 167.187905 -2.925404 
814.622224 340.946540 164.207250 -3.001014 
814.513493 341.954329 161.157163 -3.047992 
814.402531 343.048810 163.725366 -3.020924 
814.270678 344.048021 165.854511 -2.966011 
814.113620 345.025140 167.375613 -2.923834 
813.948713 345.987761 167.994198 -2.907340 
813.777899 346.953230 166.807180 -2.934046 
813.622798 347.945624 164.158367 -2.998423 
813.510620 348.953200 161.002659 -3.046251 
813.498302 349.045666 160.672728 -3.050205 
813.397868 350.049454 163.816849 -3.017929 
813.258704 351.050016 166.331171 -2.950616 
813.082924 352.021340 168.738509 -2.889718 
812.897167 352.971984 169.225258 -2.875610 
812.702756 353.933202 166.314393 -2.920542 
812.514857 354.919625 160.516118 -2.977410 
812.475447 355.078191 160.970248 -2.978594 
812.297824 356.064512 166.278116 -2.928276 
812.102047 357.028938 169.747715 -2.865273 
811.903678 357.971830 170.106544 -2.857068 
811.699753 358.931211 166.471721 -2.916370 
811.510104 359.920164 160.446573 -2.980048 
811.471919 360.076685 161.238045 -2.980504 
811.296987 361.063895 166.339425 -2.929681 
811.101983 362.028840 169.716301 -2.865999 
810.903982 362.971986 170.008975 -2.857712 
810.700717 363.931711 166.391830 -2.917257 
810.513301 364.921623 160.564291 -2.981926 
810.476326 365.075637 161.059995 -2.984116 
810.304105 366.064217 166.185636 -2.933483 
810.108582 367.030806 169.755860 -2.865143 
809.908624 367.972892 170.234945 -2.853199 
809.702888 368.931247 166.513961 -2.914192 
809.513747 369.922140 160.607544 -2.982817 
809.477365 370.074567 161.060408 -2.986639 
809.313055 371.061100 165.737023 -2.948842 
809.142662 372.031810 167.366456 -2.922210 
808.992599 372.998797 165.573886 -2.980462 
808.904208 373.993934 163.760519 -3.078357 
808.884883 374.998765 163.442705 -3.130867 
808.884143 375.999966 163.433310 -3.141297 
808.884296 377.000012 163.433304 3.141486 
808.884313 378.000001 163.433303 3.141582 
808.884314 379.000000 163.433303 3.141592 
808.884314 380.000000 163.433303 3.141593 
808.884314 381.000000 163.433303 3.141593 
808.884314 382.000000 163.433303 3.141593 
808.884314 383.000000 163.433303 3.141593 
808.884314 384.000000 163.433303 3.141593 
808.884314 385.000000 163.433303 3.141593 
808.884314 386.000000 163.433303 3.141593 
808.884314 387.000000 163.433303 3.141593 
808.884314 388.000000 163.433303 3.141593 
808.884314 389.000000 163.433303 3.141593 
808.884314 390.000000 163.433303 3.141593 
808.884314 391.000000 163.433303 3.141593 
808.884314 392.000000 163.433303 3.141593 
808.884314 393.000000 163.433303 3.141593 
808.884314 394.000000 163.433303 3.141593 
808.884314 395.000000 163.433303 -3.141591 
808.884312 395.999996 163.433303 -3.141555 
808.884253 396.999973 163.433308 -3.141361 
808.883810 398.000430 163.414102 3.137894 
808.890525 399.006043 162.986285 3.086448 
809.020493 399.994347 160.259344 2.872442 
809.344648 400.739755 146.764581 2.494834 
809.929394 401.113081 158.826328 2.128955 
811.072678 401.594748 161.567822 1.748249 
812.046568 401.727615 165.477815 1.740122 
813.025091 401.875535 166.710176 1.769720 
813.994669 402.025792 166.865138 1.774610 
814.965872 402.173482 166.432023 1.765041 
815.948654 402.321199 165.040085 1.729312 
816.954028 402.441907 162.845866 1.674455 
818.036800 402.536081 162.300461 1.649955 
819.039224 402.615754 163.951846 1.672523 
820.042485 402.722117 165.295389 1.722511 
821.026796 402.868538 166.790220 1.771876 
821.994886 403.024117 167.045314 1.779759 
822.966873 403.173177 166.272068 1.759801 
823.957942 403.316742 164.541787 1.702808 
824.995445 403.405210 163.001432 1.582038 
826.039371 403.337505 164.216187 1.454667 
827.036416 403.197760 166.056853 1.388692 
828.010528 403.050497 166.925576 1.365245 
828.978434 402.896479 166.940052 1.365406 
829.958063 402.745939 165.628385 1.407205 
830.959170 402.630062 164.203860 1.460872 
831.962977 402.547098 162.639359 1.489232 
833.045156 402.454404 162.492403 1.471747 
834.051869 402.337647 164.824402 1.418369 
835.037013 402.191997 166.304221 1.380351 
836.009260 402.045147 166.813296 1.368488 
836.978688 401.895621 166.802867 1.369389 
837.957463 401.746183 165.693028 1.404748 
838.958300 401.626736 164.192537 1.459540 
839.963705 401.543741 162.472351 1.491415 
841.043106 401.455042 162.393389 1.476349 
842.051383 401.343330 164.713565 1.422238 
843.038405 401.196073 166.399065 1.377373 
844.009472 401.045721 166.881300 1.366510 
844.979246 400.897383 166.740128 1.371239 
845.957547 400.749210 165.737241 1.403109 
846.957659 400.626981 164.206869 1.457771 
847.964136 400.543551 162.388146 1.492386 
849.041628 400.457351 162.223153 1.480026 
850.050953 400.349908 164.584298 1.426194 
851.039979 400.201654 166.471385 1.375077 
852.010017 400.047852 166.953031 1.364443 
852.980102 399.900541 166.669767 1.373337 
853.957885 399.754221 165.794011 1.401093 
854.956395 399.628597 164.275521 1.453924 
855.963494 399.542607 162.358664 1.491151 
857.040973 399.455859 162.256389 1.481156 
858.049397 399.352167 164.585534 1.431440 
859.040561 399.207594 166.464504 1.377841 
860.011071 399.052598 167.010581 1.363343 
860.981011 398.904937 166.661265 1.373641 
861.958363 398.759701 165.848818 1.399226 
862.955257 398.631417 164.367105 1.449996 
863.962980 398.542508 162.412952 1.490053 
865.039940 398.456490 162.252035 1.483524 
866.048256 398.357260 164.472949 1.436536 
867.042101 398.214193 166.501349 1.376714 
868.011733 398.053991 167.244102 1.356811 
868.980910 397.903348 166.590191 1.375790 
869.960295 397.762911 165.690426 1.404866 
870.954896 397.638195 164.421559 1.446772 
871.952425 397.541188 162.300290 1.467474 
873.082633 397.355544 165.539997 1.342438 
874.030101 397.066757 175.370887 1.147184 
874.857779 396.770107 171.512533 1.016783 
875.250530 396.372195 162.265770 0.978343 
875.988515 395.983860 181.405722 0.952321 
876.684698 395.561740 158.914947 0.947142 
877.096088 395.128874 179.299285 0.930117 
877.836692 394.786645 174.465119 0.917493 
878.215637 394.281901 169.458722 0.917803 
878.942820 393.923719 181.250941 0.927554 
880.042826 393.058400 181.360866 0.938058 
880.769581 392.690917 167.341605 0.930186 
881.151202 392.198819 175.089360 0.920607 
881.891075 391.857176 178.415930 0.919248 
882.292970 391.393155 161.358674 0.930389 
882.992510 390.989807 181.979753 0.937105 
883.681198 390.561712 158.724668 0.941930 
884.094202 390.125649 179.326791 0.927471 
884.832777 389.781950 173.960925 0.916566 
885.211131 389.275584 169.767782 0.917056 
885.938591 388.918396 180.995414 0.925684 
887.028728 388.036906 181.733682 0.909364 
887.677661 387.638440 160.451212 0.842685 
888.065195 387.058619 180.106712 0.732335 
888.936236 385.960377 179.897209 0.556004 
889.275166 385.153374 169.930894 0.508499 
889.600876 384.785179 163.114742 0.493763 
889.965316 383.980861 179.212264 0.504218 
890.288901 383.155684 169.130918 0.494269 
890.603669 382.789229 163.156048 0.488767 
890.965264 381.980907 179.109381 0.502579 
891.288087 381.155186 169.120034 0.494108 
891.602590 380.788473 163.033630 0.489124 
891.964856 379.980654 179.076385 0.503210 
892.287763 379.155148 169.131353 0.494477 
892.602599 378.788386 163.033107 0.489305 
892.965039 377.980739 179.088191 0.503558 
893.288226 377.155641 169.097162 0.495129 
893.603942 376.788760 163.093053 0.489975 
893.965667 375.981099 179.076778 0.503226 
894.288880 375.155477 169.065738 0.493744 
894.603066 374.789023 163.063069 0.488541 
894.965069 373.980782 179.070014 0.502971 
895.288457 373.155850 169.143202 0.495357 
895.606959 372.788743 163.271050 0.493190 
895.975090 371.985718 179.675662 0.520607 
896.314325 371.186258 167.572181 0.534934 
896.690664 370.811643 167.659186 0.546944 
897.042201 370.027073 180.694463 0.570390 
897.460570 369.301485 158.523051 0.579596 
897.844816 368.894418 177.361611 0.597426 
898.174051 368.118964 176.432057 0.599565 
898.581135 367.720869 160.954854 0.587817 
898.986800 366.991127 181.850678 0.591817 
899.367717 366.247390 164.147676 0.592217 
899.794277 365.859557 174.653910 0.599009 
900.125993 365.085023 178.974236 0.593631 
900.939659 363.959486 181.131591 0.591284 
901.290566 363.197465 169.039943 0.596895 
901.732022 362.817609 170.518860 0.597600 
902.076576 362.051452 180.611765 0.591623 
902.891875 360.926845 179.530065 0.594834 
903.227133 360.155092 173.137497 0.599106 
903.660924 359.771612 165.880840 0.592759 
904.029786 359.019958 181.621338 0.590336 
904.452011 358.299372 159.034530 0.584982 
904.843355 357.893162 177.433937 0.598569 
905.172715 357.117730 176.591851 0.598298 
905.576555 356.719217 160.796134 0.585523 
905.984292 355.989470 181.896269 0.590544 
906.362641 355.244295 164.503697 0.592826 
906.791479 354.857287 174.508091 0.600183 
907.123685 354.083677 179.087565 0.594801 
907.938082 352.958454 181.072068 0.590989 
908.288363 352.195849 169.182115 0.596612 
908.729514 351.816025 170.348809 0.597289 
909.073352 351.048998 180.545687 0.588911 
909.850115 349.912114 175.370904 0.530330 
910.137829 349.052556 170.165725 0.364290 
910.403596 347.999866 159.573816 -0.000332 
910.158798 346.946946 169.740731 -0.322439 
909.899894 346.045228 175.280937 -0.424352 
909.555180 345.193980 160.952408 -0.411223 
909.323454 344.855848 167.043396 -0.419243 
909.018972 343.991108 177.020388 -0.438278 
908.728331 343.121065 169.572204 -0.419217 
908.140020 341.935061 174.875378 -0.434260 
907.864772 341.063027 175.011560 -0.436146 
907.271682 339.877349 169.450019 -0.424059 
906.980478 339.009149 176.964677 -0.438248 
906.676034 338.142558 167.003991 -0.414542 
906.449941 337.806101 160.753620 -0.406894 
906.101019 336.953113 175.822496 -0.434550 
905.825854 336.079500 173.682942 -0.428256 
905.232952 334.894492 171.341127 -0.425277 
904.949590 334.023663 176.909984 -0.438872 
904.629495 333.162524 164.777822 -0.413379 
904.394425 332.827619 163.565385 -0.412028 
904.067673 331.968546 176.487794 -0.435087 
903.789876 331.093859 172.316125 -0.420091 
903.202880 329.908331 172.676039 -0.424380 
902.925264 329.034836 176.529718 -0.436175 
902.593164 328.175590 162.944906 -0.407446 
902.363113 327.842298 165.114662 -0.409727 
902.049257 326.977302 176.581894 -0.431814 
901.769582 326.101990 171.435499 -0.416709 
901.182392 324.916587 173.521446 -0.428933 
900.905401 324.044518 176.272108 -0.439850 
900.555507 323.194388 161.025342 -0.412264 
900.324043 322.855657 167.034430 -0.419059 
900.020487 321.990468 176.930990 -0.435479 
899.732841 321.116577 169.761793 -0.411451 
899.154289 319.929697 174.309706 -0.427551 
898.877345 319.058676 175.505978 -0.446207 
898.257464 317.875916 170.241576 -0.449101 
897.961812 317.018628 177.499331 -0.453824 
897.637640 316.162806 165.220446 -0.422265 
897.394711 315.824591 163.598950 -0.418187 
897.067828 314.968570 176.469596 -0.433927 
896.793970 314.087415 172.092195 -0.401262 
896.258030 312.897898 169.602669 -0.376791 
895.992837 312.002942 175.098183 -0.389699 
895.728733 311.099423 168.798413 -0.351310 
895.244658 309.908113 169.755019 -0.359272 
894.986477 309.005474 174.910459 -0.384601 
894.724074 308.099868 168.647663 -0.347270 
894.244780 306.908565 169.792277 -0.357490 
893.986862 306.005320 174.947174 -0.384765 
893.724373 305.099924 168.679560 -0.347796 
893.241182 303.908458 170.026579 -0.362758 
892.972016 303.012304 175.730457 -0.414224 
892.670160 302.153596 166.599046 -0.435808 
892.397653 301.801621 162.485655 -0.462748 
892.010641 300.993230 180.275731 -0.566652 
891.647889 300.266631 164.341595 -0.648116 
891.149940 299.876655 178.756419 -0.688387 
890.805176 299.166558 176.146664 -0.707341 
890.237441 298.796599 172.664339 -0.708335 
889.883240 298.097955 180.323399 -0.698039 
889.370083 297.697231 161.857195 -0.685687 
888.970049 297.023899 181.830702 -0.673483 
888.069227 295.944839 181.486512 -0.672791 
887.697425 295.248702 167.500346 -0.687983 
887.153264 294.870701 178.633352 -0.700790 
886.793302 294.174612 175.099522 -0.701449 
886.204639 293.827558 170.964326 -0.700220 
885.877081 293.083303 166.949891 -0.595606 
885.364454 292.771839 147.621067 -0.559343 
885.126209 291.979457 141.940350 -0.161358 
885.442670 291.279174 125.253070 0.562659 
885.897595 290.831158 138.101413 1.025600 
886.901119 290.535980 153.108562 1.360839 
887.046808 290.497006 154.006677 1.476893 
888.034357 290.488138 160.821462 1.500529 
889.043605 290.426016 163.343926 1.468797 
890.045402 290.316199 164.842767 1.428186 
891.032245 290.190873 165.704331 1.403444 
892.010794 290.055488 166.493350 1.378674 
892.981361 289.906265 166.632711 1.374512 
893.963152 289.763197 165.393499 1.416430 
894.963215 289.655920 164.275888 1.464294 
895.966646 289.577499 163.404455 1.492015 
896.968734 289.512508 161.817771 1.506748 
898.042635 289.431759 163.274692 1.472369 
899.047026 289.318737 164.933532 1.424313 
900.031232 289.188730 165.609563 1.406797 
901.008613 289.073164 164.486698 1.453609 
901.998681 289.020879 162.618187 1.633883 
902.928638 289.198163 164.468617 1.916459 
904.073888 289.898266 177.237748 2.198946 
904.801445 290.240468 172.115756 2.261014 
905.172933 290.795400 175.121444 2.272513 
905.880233 291.143420 179.069298 2.266564 
906.266974 291.673151 165.283551 2.255705 
906.956847 292.054126 181.519033 2.243875 
908.035167 292.956129 181.742184 2.246504 
908.716508 293.344577 163.847429 2.259240 
909.109064 293.870223 179.836249 2.269685 
909.811590 294.221382 173.948351 2.275906 
910.180614 294.787092 174.581001 2.274313 
910.885416 295.137457 179.263530 2.265693 
911.273348 295.669546 164.654531 2.261898 
911.948648 296.060611 180.992667 2.273684 
912.389484 296.582268 155.228073 2.321215 
912.953971 297.041508 180.165663 2.407795 
913.371766 297.720400 161.716818 2.496758 
913.829191 298.117519 176.228039 2.538954 
914.160812 298.896143 176.744915 2.568155 
914.510445 299.299789 157.538893 2.592128 
914.940126 300.037083 180.259241 2.587068 
915.278063 300.829346 169.812243 2.591143 
915.662029 301.206105 166.169027 2.593977 
916.018495 301.988638 180.671497 2.590712 
916.402083 302.758565 162.444701 2.600834 
916.767774 303.141543 172.600437 2.594213 
917.092413 303.943549 179.328898 2.593224 
917.855126 305.089288 177.417340 2.589260 
918.173711 305.892052 175.948011 2.585568 
918.511502 306.295333 157.546725 2.597817 
918.938574 307.037819 180.201604 2.589715 
919.274537 307.832738 170.167584 2.594399 
919.654910 308.209136 165.875538 2.596748 
920.013956 308.991413 180.785830 2.589970 
920.392274 309.764977 162.839166 2.601813 
920.752050 310.146838 171.536103 2.606922 
921.064453 310.965253 178.386590 2.647146 
921.438418 311.803777 161.090132 2.720760 
921.671739 312.143432 166.837884 2.729648 
921.964892 313.015047 175.512323 2.736686 
922.227723 313.914002 170.580165 2.780509 
922.711571 315.105581 168.190184 2.790688 
922.977466 316.009131 174.957887 2.756606 
923.233023 316.913482 170.288231 2.786083 
923.712022 318.105046 168.181349 2.791819 
923.977556 319.009089 174.947331 2.756824 
924.233022 319.913493 170.286240 2.786121 
924.711214 321.104891 168.113933 2.793194 
924.971967 322.010950 174.417339 2.769208 
925.210803 322.936565 169.801965 2.849290 
925.427025 323.938113 163.221737 2.997669 
925.515232 325.014529 162.114476 3.111631 
925.526626 326.002591 162.699856 3.136118 
925.527683 327.000266 162.742224 3.141030 
925.527735 328.000014 162.743399 3.141563 
925.527736 329.000000 162.743399 3.141592 
925.527736 330.000000 162.743399 3.141593 
925.527736 331.000000 162.743399 3.141593 
925.527736 332.000000 162.743399 3.141593 
925.527736 333.000000 162.743399 3.141593 
925.527736 334.000000 162.743399 3.141593 
925.527736 335.000000 162.743399 3.141593 
925.527736 336.000000 162.743399 3.141593 
925.527736 337.000000 162.743399 3.141593 
925.527736 338.000000 162.743399 -3.141592 
925.527736 338.999995 162.743399 -3.141581 
925.527718 339.999932 162.743400 -3.141449 
925.527505 340.999657 162.743442 -3.140867 
925.526548 341.999249 162.743603 -3.140006 
925.524943 342.999119 162.743217 -3.139738 
925.523482 343.998397 162.727462 -3.138229 
925.518451 344.993700 162.515111 -3.128511 
925.491829 346.024018 161.749655 -3.092797 
925.417508 347.045465 163.510738 -3.033125 
925.281673 348.053003 166.071147 -2.955594 
925.105296 349.026789 168.605237 -2.892463 
924.921254 349.979136 169.009650 -2.882586 
924.737329 350.943201 166.718527 -2.928634 
924.571320 351.935350 162.914655 -2.991910 
924.406632 353.059398 163.693013 -2.996545 
924.252733 354.052437 166.726335 -2.937017 
924.072001 355.019101 169.050304 -2.882274 
923.884597 355.969068 169.026995 -2.879713 
923.695047 356.937469 166.019394 -2.939345 
923.535836 357.939288 161.797475 -3.011533 
923.395565 359.052607 163.854301 -3.009377 
923.255770 360.049403 166.317602 -2.950787 
923.081412 361.020807 168.674006 -2.891372 
922.897056 361.973146 168.849302 -2.886418 
922.714811 362.943088 166.271072 -2.944621 
922.565629 363.943812 163.014052 -3.012951 
922.433370 365.051610 163.117677 -3.023060 
922.303264 366.053045 165.704835 -2.968432 
922.134770 367.032715 168.159583 -2.903454 
921.949808 367.986302 169.230802 -2.875165 
921.751390 368.930929 167.102563 -2.870596 
921.231263 370.120938 165.449379 -2.659759 
920.863654 370.864197 167.216588 -2.358187 
920.137864 371.239128 167.103079 -2.093777 
919.798778 371.535925 159.544053 -1.979927 
918.948021 371.874291 173.732632 -1.962873 
918.048443 372.126005 173.233445 -1.937826 
917.140133 372.417660 162.656108 -1.894513 
916.853763 372.568810 161.913733 -1.897771 
915.948884 372.871209 173.395766 -1.948622 
915.047635 373.119807 173.691678 -1.949226 
914.147209 373.420447 162.413314 -1.907584 
913.853049 373.582752 162.497611 -1.909421 
912.953265 373.882887 173.617545 -1.950491 
912.053170 374.133332 173.408223 -1.950249 
911.175444 374.454023 160.765432 -1.939543 
910.852298 374.685580 165.416628 -2.009959 
910.046519 375.061902 172.127328 -2.215246 
909.533986 375.623680 147.902465 -2.462277 
909.153758 376.083343 168.198242 -2.644880 
908.868356 376.957774 169.201874 -2.831203 
908.655145 377.934782 165.164453 -2.954682 
908.504372 378.939218 160.753076 -3.019565 
908.483143 379.057393 161.354176 -3.023356 
908.357738 380.055011 164.860494 -2.989013 
908.200271 381.044310 167.349245 -2.923848 
908.019478 382.005184 169.093815 -2.881467 
907.835110 382.959169 168.150050 -2.898849 
907.656564 383.937237 165.061468 -2.960837 
907.508097 384.940654 160.742721 -3.021527 
907.488025 385.055297 161.018036 -3.028766 
907.382346 386.041648 163.855226 -3.033092 
907.301432 387.024904 163.951598 -3.059162 
907.258333 388.009246 163.536875 -3.105819 
907.248048 389.001912 163.438157 -3.133886 
907.246270 390.000764 163.434089 -3.138492 
907.243065 391.000990 163.434658 -3.137521 
907.239734 392.000740 163.434082 -3.138506 
907.238118 393.000005 163.433303 -3.141571 
907.239700 393.999324 163.433953 3.138774 
907.242639 394.999328 163.433931 3.138821 
907.244155 396.000065 163.433309 -3.141325 
907.242221 396.999801 163.430358 3.140770 
907.245837 397.991547 163.419789 3.107221 
907.299958 398.961108 163.210817 3.012652 
907.478797 399.873439 158.498758 2.883172 
907.590850 400.130251 160.497098 2.833391 
907.921145 401.037452 175.756355 2.698191 
908.208711 401.890991 173.080835 2.660268 
908.889938 403.059908 177.456074 2.643127 
909.194287 403.892513 174.063545 2.636267 
909.902733 405.055075 178.159842 2.626375 
910.213282 405.880599 173.360725 2.631236 
910.511436 406.265190 158.174881 2.644298 
910.920443 407.044645 178.743994 2.630214 
911.233129 407.871323 172.321392 2.637249 
911.536346 408.249276 159.557794 2.648293 
911.933016 409.037452 178.948673 2.631771 
912.257634 409.850497 170.804501 2.615789 
912.668760 410.225992 163.496049 2.542872 
913.079018 410.922153 173.552633 2.363663 
913.792014 411.331011 160.078634 2.131790 
914.154752 411.671803 163.558745 2.011403 
915.014039 411.961306 171.480775 1.918858 
915.948215 412.186849 168.911080 1.841158 
916.924945 412.389820 163.741880 1.761007 
918.071629 412.608225 163.697490 1.751631 
919.051632 412.794969 168.157767 1.817492 
920.001629 412.994598 170.573699 1.863660 
920.940794 413.202708 168.929844 1.854967 
921.855908 413.461275 160.460039 1.873570 
922.148062 413.647047 162.696198 1.967994 
922.962060 414.047583 172.612779 2.243906 
923.491328 414.628052 150.152999 2.493609 
923.854913 415.080714 173.383429 2.633915 
924.149768 415.937480 173.074636 2.746138 
924.484978 416.834358 159.544708 2.812470 
924.638066 417.127797 165.041571 2.802163 
924.920804 418.031729 174.307111 2.760530 
925.169468 418.934981 172.279008 2.775245 
925.487718 419.835180 159.431017 2.815700 
925.638655 420.127444 165.036772 2.802520 
925.921066 421.031666 174.316326 2.760076 
926.170119 421.934524 172.237847 2.774189 
926.490265 422.833587 159.249136 2.814360 
926.641703 423.126935 165.117123 2.801116 
926.923611 424.030676 174.320452 2.759730 
927.172916 424.933574 172.106495 2.774822 
927.494071 425.832974 159.037342 2.815594 
927.643717 426.125785 165.163464 2.802204 
927.924373 427.030268 174.261487 2.760886 
928.173471 427.933441 172.074950 2.775225 
928.496984 428.830063 158.980792 2.812119 
928.657812 429.128142 165.566644 2.783279 
928.979358 430.010817 173.605655 2.658924 
929.324883 430.745753 153.884073 2.477565 
929.953845 431.072797 157.929286 2.135857 
930.979263 431.509715 152.954514 1.528525 
932.071091 431.255016 166.356368 1.298927 
933.002462 431.006570 173.651439 1.212234 
933.919710 430.761474 169.499987 1.246102 
935.108662 430.341800 165.707865 1.262990 
936.030313 430.081560 173.245532 1.214956 
936.945601 429.846327 171.819028 1.230568 
937.870630 429.570704 162.103713 1.278098 
938.135295 429.446865 161.249075 1.276805 
939.058262 429.161398 171.698791 1.224367 
939.972177 428.924828 173.317540 1.216303 
940.896668 428.669180 166.188767 1.268048 
942.084996 428.252346 168.988205 1.245907 
943.002253 428.005923 173.932760 1.207315 
943.918210 427.760973 169.443820 1.241107 
945.107594 427.332555 165.940234 1.257887 
946.027430 427.073789 173.245336 1.214889 
946.943141 426.838454 171.666934 1.232370 
947.863503 426.558787 161.900039 1.270767 
948.136501 426.424000 162.448579 1.259338 
949.048278 426.113335 174.368737 1.168099 
949.913921 425.833931 173.917919 1.092590 
951.071160 425.114934 177.763441 1.016422 
951.864966 424.792063 173.908630 0.994846 
952.255124 424.395532 162.248870 0.997933 
953.004288 424.006584 181.201358 0.993527 
953.758867 423.626610 163.713680 0.997384 
954.144363 423.219101 173.330658 0.988197 
954.925645 422.887655 178.852226 0.986140 
956.055772 422.085063 179.911853 0.990457 
956.833887 421.746721 171.344969 0.990320 
957.214135 421.328789 166.557670 0.993519 
957.979180 420.968024 181.137259 0.993645 
958.714249 420.552025 159.403456 1.002993 
959.114270 420.173807 176.056718 0.989201 
959.898489 419.847033 177.081787 0.984908 
960.310015 419.478955 157.355554 0.996339 
961.029958 419.045563 180.874254 0.989151 
961.797006 418.689957 167.635412 0.991103 
962.176398 418.268948 170.276931 0.990299 
962.952914 417.927655 180.251915 0.993820 
964.085430 417.130436 178.232840 0.990945 
964.868701 416.802239 174.701674 0.984692 
965.260568 416.398655 162.090057 0.991882 
966.004582 416.006984 181.358176 0.990136 
966.757419 415.625786 163.715072 0.995659 
967.143390 415.217639 173.541367 0.988229 
967.925708 414.887014 178.935034 0.989146 
969.057192 414.087801 179.897068 0.993446 
969.836660 413.751058 171.677873 0.990119 
970.217602 413.332927 166.301861 0.991892 
970.980534 412.970247 181.234124 0.991440 
971.715141 412.555184 159.560228 1.001201 
972.114931 412.174413 176.040489 0.988149 
972.898832 411.847528 177.090040 0.984976 
973.310484 411.480733 157.265397 0.997341 
974.031030 411.047468 180.753639 0.991825 
974.802709 410.694724 167.871401 0.997048 
975.181800 410.285495 169.249784 1.003764 
975.969096 409.948892 180.015752 1.026938 
976.746323 409.538722 159.501728 1.067996 
977.126956 409.228091 172.573456 1.062897 
977.949304 408.911657 178.621859 1.049824 
979.099111 408.155948 176.773389 1.004655 
979.882591 407.829258 176.115629 0.968413 
980.285992 407.405997 160.640880 0.957111 
980.997086 406.996022 181.875492 0.938536 
981.679288 406.578358 159.397438 0.920529 
982.089368 406.110259 180.538652 0.889670 
982.790063 405.757512 172.246267 0.857223 
983.158134 405.176508 177.656163 0.840251 
983.839998 404.826370 178.114048 0.826224 
984.199594 404.211207 174.963633 0.813659 
984.859413 403.856158 180.147388 0.796842 
985.216876 403.214330 174.107399 0.779494 
985.849122 402.855877 179.862638 0.762505 
986.202317 402.187358 175.988505 0.747027 
986.809269 401.827174 176.912056 0.736187 
987.159380 401.140758 178.810588 0.723433 
987.733728 400.769373 170.065063 0.713786 
988.098782 400.084189 180.616818 0.705806 
988.645727 399.679683 160.421629 0.735106 
989.062606 399.066255 176.719448 0.813706 
989.785332 398.647567 154.731789 1.023710 
990.144993 398.328537 157.769317 1.155176 
991.001597 398.094029 157.447844 1.553814 
991.863842 398.332597 155.909207 1.959361 
992.186154 398.693739 150.976314 2.116951 
992.892611 399.122458 160.381319 2.290729 
993.093132 399.918595 149.520242 2.423287 
993.895888 400.145572 112.103875 2.191643 
994.118443 400.867847 117.291648 2.301540 
994.240495 401.737028 93.660431 2.311578 
995.593786 401.768595 77.045146 0.517815 
995.908041 400.980522 102.894979 0.208733 
995.917613 399.995553 127.430234 0.053925 
995.769205 399.000421 142.876592 -0.001822 
995.556762 398.010443 148.827993 -0.023557 
995.380607 396.977993 159.404423 -0.057757 
995.250358 395.967768 164.252165 -0.128041 
995.114608 394.981353 165.550547 -0.161292 
994.990816 394.001302 165.066061 -0.140801 
994.897068 393.009872 164.183243 -0.095616 
994.836397 392.011856 163.861866 -0.072340 
994.780210 391.018329 164.000623 -0.083202 
994.707525 390.027774 164.168559 -0.094679 
994.631449 389.029276 163.948117 -0.079268 
994.575731 388.020791 163.628862 -0.048964 
994.546186 387.011910 163.469980 -0.026239 
994.529408 386.009874 163.202650 -0.020980 
994.504545 385.015389 161.945090 -0.031050 
994.454962 383.973231 162.551849 -0.058771 
994.399656 382.974905 163.241714 -0.062710 
994.351340 381.979833 163.553201 -0.057338 
994.305150 380.978886 163.800521 -0.069083 
994.232378 379.973919 164.457742 -0.111766 
994.120257 378.981620 165.331072 -0.151663 
993.998960 378.000153 165.190832 -0.146002 
993.898119 377.010836 164.355159 -0.105964 
993.829524 376.012862 163.897803 -0.075305 
993.775175 375.016403 163.867703 -0.072830 
993.714357 374.023089 163.966366 -0.080657 
993.648263 373.026373 163.892073 -0.074840 
993.592607 372.022202 163.675679 -0.054443 
993.556225 371.014843 163.519506 -0.033435 
993.535239 370.009617 163.391460 -0.020688 
993.519362 369.009329 162.934872 -0.019408 
993.493478 367.982842 161.988411 -0.034756 
993.454901 366.978967 162.706369 -0.046204 
993.412968 365.979323 163.230301 -0.050027 
993.370931 364.980014 163.541543 -0.053829 
993.324274 363.980140 163.717566 -0.061167 
993.271021 362.980604 163.849695 -0.071446 
993.207573 361.981644 164.071019 -0.088200 
993.128279 360.986158 164.381949 -0.107485 
993.038012 359.995567 164.541136 -0.116107 
992.948064 359.005714 164.419378 -0.109575 
992.866663 358.012259 164.122606 -0.091683 
992.801308 357.013468 163.808312 -0.067679 
992.755855 356.012815 163.658150 -0.052441 
992.716006 355.016033 163.684744 -0.056396 
992.666562 354.025758 163.714144 -0.077097 
992.586672 353.052871 162.441356 -0.127225 
992.323342 351.906097 165.761974 -0.282639 
992.050693 350.978750 175.187478 -0.396934 
991.785580 350.093502 171.915871 -0.411209 
991.208176 348.907168 172.395950 -0.419462 
990.932069 348.031225 176.564663 -0.430859 
990.609004 347.166039 163.890947 -0.401580 
990.384286 346.836293 164.186525 -0.402720 
990.064940 345.970280 176.364482 -0.429205 
989.789040 345.093175 172.188181 -0.415904 
989.192325 343.908745 173.183825 -0.443027 
988.889040 343.063004 177.239465 -0.516415 
988.081175 341.937169 180.710494 -0.658698 
987.727150 341.246013 168.823103 -0.733722 
987.132112 340.872089 180.001375 -0.769241 
986.776223 340.222255 172.832364 -0.781985 
986.136917 339.863398 179.955038 -0.784245 
985.779320 339.220391 173.140368 -0.784741 
985.137620 338.862589 179.952551 -0.784641 
984.780064 338.219689 173.237581 -0.784836 
984.137745 337.862227 179.952483 -0.785499 
983.780178 337.220213 173.211462 -0.786287 
983.136997 336.862615 179.952662 -0.786813 
982.779001 336.221530 173.044355 -0.786599 
982.136146 335.863618 179.952549 -0.786263 
981.777904 335.222271 172.916696 -0.785793 
981.135669 334.864211 179.952526 -0.785841 
980.777078 334.223490 172.784232 -0.786670 
980.133474 333.865439 179.957931 -0.789452 
979.772416 333.231734 171.997692 -0.794433 
979.122011 332.872973 180.076701 -0.805537 
978.751369 332.266159 168.937344 -0.819434 
978.090107 331.899771 180.614440 -0.838528 
977.693835 331.347915 162.188076 -0.849142 
977.044571 330.949186 181.135563 -0.850756 
976.587389 330.472548 152.998350 -0.853008 
975.994472 330.006351 181.362480 -0.854595 
975.381067 329.557569 155.399364 -0.859777 
974.943753 329.064348 181.353138 -0.852474 
974.286719 328.679934 164.634759 -0.840300 
973.898437 328.111932 180.840083 -0.833926 
973.227462 327.751253 171.363950 -0.830066 
972.860532 327.152871 179.355956 -0.831215 
972.182256 326.800680 176.003184 -0.830086 
971.821403 326.194609 176.273012 -0.828275 
971.142894 325.843534 178.826096 -0.830703 
970.774897 325.249159 171.093109 -0.836078 
970.097796 324.888893 180.334538 -0.849030 
969.704383 324.340185 163.029880 -0.855381 
969.047183 323.945710 181.058441 -0.855324 
968.592901 323.467880 153.334255 -0.854753 
967.996769 323.003688 181.293621 -0.851339 
967.391000 322.550746 154.687695 -0.854616 
966.947641 322.059758 181.337588 -0.851296 
966.292647 321.670643 163.917634 -0.844349 
965.901726 321.109264 180.879130 -0.838306 
965.229433 320.748065 171.063522 -0.832110 
964.861680 320.151750 179.355346 -0.831664 
964.185511 319.798628 175.603243 -0.826372 
963.829025 319.175990 176.292944 -0.799852 
963.210253 318.809655 171.575901 -0.735744 
962.889079 318.067281 170.553471 -0.545232 
962.410219 316.964154 157.932466 -0.087162 
962.426025 316.051301 160.706656 0.119841 
962.673156 314.917569 165.697007 0.247050 
962.910723 313.969164 172.343371 0.332569 
963.139122 313.048959 171.808072 0.338382 
963.405934 312.121347 163.052999 0.290478 
963.522520 311.860992 160.001676 0.283297 
963.813348 310.933875 171.178323 0.340475 
964.057965 310.023007 174.267209 0.377847 
964.333155 309.124039 166.265582 0.356417 
964.841927 307.933599 173.443031 0.397682 
965.107487 307.048574 175.306924 0.424432 
965.452151 306.194696 160.722042 0.406603 
965.679640 305.857782 167.250667 0.417796 
965.990026 304.995123 177.674661 0.454792 
966.297902 304.148380 168.518515 0.462114 
966.579869 303.789252 161.867702 0.464947 
966.952649 302.973758 178.986177 0.506072 
967.275308 302.159800 169.915316 0.525914 
967.635228 301.783930 164.460256 0.534769 
968.009350 301.005989 181.245546 0.569651 
968.396705 300.271416 162.414294 0.600027 
968.836121 299.879210 177.402925 0.635173 
969.177039 299.140141 176.639407 0.669588 
969.711455 298.759249 167.702475 0.695344 
970.087315 298.077574 180.404863 0.726389 
970.658727 297.670673 160.786022 0.767587 
971.069135 297.073755 180.220376 0.817720 
971.736478 296.684023 164.495319 0.875671 
972.129327 296.174776 175.464254 0.933752 
972.904265 295.844025 175.650741 1.020305 
974.070691 295.155351 173.314100 1.143761 
974.963738 294.899120 172.597191 1.225726 
975.914701 294.654767 165.495673 1.328572 
977.082529 294.370002 164.360586 1.351339 
978.045412 294.160331 169.299759 1.294786 
978.988456 293.960106 170.070246 1.289132 
979.948680 293.768645 167.331596 1.352507 
980.944126 293.609847 164.333466 1.428553 
982.051951 293.474469 161.657200 1.461739 
983.047440 293.362336 164.115823 1.440608 
984.037425 293.247825 165.172798 1.420913 
985.022415 293.119750 166.261074 1.385756 
985.991868 292.965114 167.725502 1.341798 
986.945433 292.788226 167.497885 1.318613 
987.879509 292.561270 161.226468 1.302769 
988.131136 292.451717 160.359520 1.288256 
989.058699 292.154307 172.332077 1.207295 
989.962607 291.906899 174.241171 1.188872 
990.861569 291.615629 164.050506 1.225108 
991.160011 291.449341 161.019588 1.228695 
992.054502 291.136234 173.302544 1.190238 
992.955719 290.887564 173.792063 1.195620 
993.860495 290.594940 163.245736 1.239113 
994.150786 290.438616 161.648580 1.239676 
995.052812 290.133681 173.303780 1.194555 
995.953771 289.884290 173.937937 1.190699 
996.838208 289.575151 162.589192 1.206931 
997.156669 289.357147 164.506512 1.157406 
997.984358 288.976899 175.344006 0.975609 
998.552024 288.564963 148.840983 0.770745 
998.957486 287.973475 174.318426 0.557814 
999.301766 287.112771 166.940838 0.357634 
999.744071 285.917962 168.834138 0.310201 
999.984765 284.994391 173.542277 0.352794 
1000.221810 284.073385 169.853945 0.319509 
1000.604715 282.889445 163.723249 0.272715 
1000.860001 281.951942 171.751642 0.330670 
1001.089931 281.032478 172.774476 0.346570 
1001.344341 280.104672 165.542468 0.295103 
1001.743091 278.917438 168.763887 0.310942 
1001.984760 277.994347 173.664981 0.355177 
1002.222147 277.072274 169.649088 0.314543 
1002.492646 276.110852 159.016127 0.221327 
1002.559505 275.905778 161.468167 0.210725 
1002.730481 274.951667 165.227278 0.177443 
1002.848108 273.979478 164.863932 0.134295 
1002.932817 272.993142 164.281269 0.101733 
1003.006416 272.000570 164.077125 0.088617 
1003.072309 271.005163 163.849387 0.071281 
1003.120318 270.006759 163.690956 0.056120 
1003.162800 269.011106 163.811560 0.068116 
1003.225879 268.022630 164.229517 0.099855 
1003.313834 267.035572 164.351662 0.112866 
1003.404448 266.036217 163.688255 0.089308 
1003.468769 265.025973 162.732554 0.055351 
1003.514310 263.977730 162.322821 0.045820 
1003.564744 262.971492 163.394054 0.065404 
1003.631250 261.967088 164.016943 0.089018 
1003.720290 260.963114 164.843348 0.131116 
1003.853133 259.971952 166.386733 0.188704 
1004.008826 259.001881 167.101099 0.210001 
1004.159190 258.030364 166.332871 0.188479 
1004.296454 257.047274 165.190432 0.158132 
1004.421294 256.051169 163.338163 0.120864 
1004.540179 254.953718 162.579916 0.100313 
1004.650875 253.948254 164.991640 0.147144 
1004.807508 252.956890 167.464971 0.220321 
1004.991595 251.997693 169.440592 0.267894 
1005.181679 251.046529 168.344621 0.250716 
1005.371563 250.072778 164.392703 0.193421 
1005.598644 248.923456 163.675906 0.188450 
1005.799286 247.945617 168.921004 0.264596 
1006.009479 247.003070 171.624054 0.313218 
1006.225802 246.065077 168.862212 0.280601 
1006.459785 245.102920 161.330061 0.220214 
1006.529951 244.896174 160.963779 0.217392 
1006.764932 243.932203 168.936326 0.280793 
1006.991117 242.996882 172.866383 0.337599 
1007.221135 242.071026 169.690056 0.310781 
1007.493809 241.129149 159.677523 0.255807 
1007.589579 240.889102 163.242736 0.263903 
1007.843978 239.947617 171.415581 0.323917 
1008.073141 239.026374 172.929622 0.346076 
1008.322918 238.100225 166.367502 0.300946 
1008.733767 236.912126 168.604157 0.318807 
1008.983228 235.993542 174.258142 0.367532 
1009.229708 235.081118 170.107787 0.339464 
1009.666695 233.891100 166.397691 0.315793 
1009.931842 232.973582 174.180355 0.369768 
1010.176961 232.066969 171.984705 0.361784 
1010.492830 231.161765 159.343891 0.317157 
1010.635427 230.875602 165.067461 0.328827 
1010.915427 229.966434 174.275795 0.377822 
1011.164621 229.064829 172.607175 0.375157 
1011.490802 228.172348 159.306828 0.337704 
1011.650779 227.872282 165.740631 0.350612 
1011.937054 226.973784 175.182512 0.394630 
1012.195874 226.079682 172.122293 0.386356 
1012.736332 224.888494 169.834959 0.400094 
1013.048118 224.026483 178.150944 0.503126 
1013.423865 223.288007 160.221925 0.596820 
1013.859695 222.890741 178.418253 0.661632 
1014.201366 222.175166 175.398772 0.715928 
1014.783936 221.806029 174.251741 0.731569 
1015.135675 221.120224 179.810889 0.725091 
1015.703108 220.741135 167.048139 0.717081 
1016.077955 220.066966 180.974412 0.709712 
1016.575218 219.638270 156.743991 0.705402 
1017.010759 219.009144 181.392702 0.704421 
1017.479234 218.405187 153.293687 0.701869 
1017.944380 217.952051 181.380579 0.711463 
1018.333413 217.293012 163.720997 0.720993 
1018.887428 216.900398 180.774781 0.724347 
1019.247052 216.220443 171.840500 0.728540 
1019.836946 215.853767 178.836714 0.731063 
1020.186892 215.169016 177.114227 0.735214 
1020.784006 214.805281 174.559194 0.733644 
1021.136254 214.119839 179.865556 0.721388 
1021.699860 213.740371 166.928183 0.713152 
1022.075826 213.064884 181.094078 0.707791 
1022.567929 212.632705 156.320261 0.704541 
1023.006883 212.005828 181.518124 0.702552 
1023.468460 211.393454 154.182909 0.698594 
1023.938625 210.947319 181.433344 0.709324 
1024.322343 210.283876 164.724831 0.722028 
1024.882077 209.895162 180.669049 0.726725 
1025.240010 209.214946 172.475513 0.730362 
1025.833047 208.849737 178.549654 0.732835 
1026.183142 208.166347 177.310710 0.737379 
1026.781577 207.802320 174.231769 0.735588 
1027.133984 207.117679 179.906395 0.720698 
1027.693851 206.736979 166.480420 0.709770 
1028.072025 206.061229 181.141957 0.704556 
1028.555243 205.623294 155.500406 0.702746 
1029.001672 205.001417 181.512794 0.702907 
1029.455030 204.383551 155.007177 0.700366 
1029.934401 203.943500 181.410191 0.711017 
1030.315426 203.279000 165.306697 0.724194 
1030.879715 202.892577 180.644348 0.728975 
1031.236975 202.213003 172.768819 0.732174 
1031.831742 201.848344 178.519471 0.733547 
1032.181908 201.165158 177.468864 0.737174 
1032.780873 200.801433 174.215435 0.736215 
1033.133625 200.118048 179.973712 0.723580 
1033.697639 199.738009 166.713046 0.713986 
1034.074582 199.063841 181.120631 0.707960 
1034.566132 198.630634 156.162912 0.705268 
1035.006406 198.005442 181.493228 0.704179 
1035.467281 197.392909 154.198055 0.699152 
1035.935643 196.945395 181.204824 0.703607 
1036.313063 196.257851 165.208024 0.688990 
1036.812459 195.862320 174.295463 0.633267 
1037.122519 195.061366 173.745574 0.464340 
1037.482269 194.100119 158.765717 0.204692 
1037.526278 193.933684 160.355173 0.139085 
1037.601498 192.986973 163.160358 0.032680 
1037.608899 191.998195 163.423727 0.004614 
1037.610591 190.998537 163.434410 0.003756 
1037.615044 189.996981 163.438329 0.007842 
1037.623267 188.996339 163.441018 0.009716 
1037.630630 187.997074 163.438432 0.007922 
1037.635964 186.997230 163.438034 0.007609 
1037.642851 185.997239 163.431076 0.007730 
1037.647286 185.004977 163.195806 -0.014110 
1037.599110 184.045150 160.948344 -0.112152 
1037.190855 182.906140 167.095863 -0.457055 
1036.858037 182.116997 173.504544 -0.689288 
1036.280636 181.712839 164.496815 -0.796888 
1035.897983 181.115440 180.070262 -0.847047 
1035.215037 180.753568 171.682797 -0.853327 
1034.846208 180.176680 177.388738 -0.854546 
1034.148344 179.828020 177.573373 -0.859051 
1033.775892 179.263579 170.224871 -0.866157 
1033.080508 178.902658 180.592462 -0.879770 
1032.663061 178.416185 158.390235 -0.890236 
1032.008573 177.989434 181.662736 -0.889116 
1031.378045 177.536244 155.098983 -0.886868 
1030.938139 177.074333 181.328470 -0.876720 
1030.252728 176.702082 167.451038 -0.867281 
1029.873239 176.147557 179.200843 -0.861067 
1029.175024 175.797985 175.545919 -0.856863 
1028.807012 175.224121 173.664161 -0.859899 
1028.107067 174.872247 179.716605 -0.873262 
1027.713390 174.350750 163.270847 -0.885694 
1027.033447 173.958344 181.546331 -0.894276 
1025.958427 173.051098 181.591462 -0.887823 
1025.278853 172.665846 164.486661 -0.875367 
1024.889480 172.129418 179.924322 -0.864000 
1024.194408 171.777083 173.817911 -0.853604 
1023.827198 171.197826 175.857410 -0.852814 
1023.129864 170.848714 178.857780 -0.861445 
1022.750853 170.296542 167.553513 -0.872034 
1022.060827 169.925567 181.171183 -0.885652 
1021.618127 169.476148 154.548063 -0.894834 
1020.988908 169.013581 181.664095 -0.885940 
1020.339193 168.592132 158.624075 -0.877067 
1019.921418 168.092838 181.027638 -0.868369 
1019.233083 167.728755 169.751379 -0.860924 
1018.859562 167.162676 178.453990 -0.858632 
1018.159681 166.814402 176.824711 -0.860319 
1017.789868 166.246734 171.796626 -0.865342 
1017.089733 165.891434 180.176629 -0.880086 
1016.677291 165.412234 159.017979 -0.906613 
1015.991939 165.011579 179.867899 -0.962642 
1015.217503 164.620044 161.944242 -1.050886 
1014.846460 164.294965 167.477811 -1.090855 
1014.003968 163.991249 175.662271 -1.145097 
1013.110071 163.705007 167.613428 -1.213667 
1011.918036 163.219502 170.393909 -1.213419 
1011.013440 162.966489 174.481498 -1.189374 
1010.109147 162.699108 167.292625 -1.222812 
1008.917724 162.220480 170.384956 -1.213634 
1008.013185 161.967194 174.532150 -1.188652 
1007.109163 161.699565 167.324952 -1.222280 
1005.917700 161.220495 170.388092 -1.213560 
1005.013185 160.967194 174.532864 -1.188640 
1004.109193 160.699553 167.327980 -1.222204 
1002.917710 160.220113 170.421585 -1.213033 
1002.013478 159.966544 174.587726 -1.187836 
1001.109801 159.698245 167.331223 -1.221816 
999.918227 159.217392 170.607379 -1.211014 
999.017282 158.958762 175.064134 -1.173940 
998.143280 158.667020 166.825248 -1.164447 
997.803295 158.426601 161.510027 -1.138752 
996.984400 158.024473 179.966721 -1.003291 
996.268631 157.672021 165.058411 -0.884548 
995.882272 157.127468 180.085793 -0.825099 
995.220744 156.774544 173.014604 -0.795958 
994.861044 156.139839 180.178182 -0.788565 
994.215506 155.783990 173.994643 -0.786564 
993.859223 155.140998 180.203440 -0.786183 
993.214773 154.785087 174.122734 -0.785724 
992.858795 154.141234 180.204690 -0.785501 
992.214631 153.785363 174.150395 -0.785412 
991.858747 153.141249 180.206001 -0.785384 
991.214694 152.785350 174.151699 -0.785294 
990.858848 152.141067 180.232171 -0.785098 
990.215178 151.785121 174.150446 -0.784704 
989.859231 151.140588 180.302036 -0.784758 
989.215553 150.784580 174.124250 -0.785089 
988.859623 150.140345 180.302000 -0.785283 
988.215676 149.784272 174.054398 -0.785517 
987.859536 149.140547 180.232170 -0.785695 
987.215264 148.784457 174.053122 -0.786045 
986.859197 148.140963 180.205981 -0.785967 
986.215028 147.784975 174.095206 -0.785391 
985.859017 147.140802 180.193828 -0.784753 
985.215516 146.784869 173.963680 -0.784505 
984.857520 146.140759 179.523403 -0.779322 
984.218714 145.790143 171.108718 -0.764734 
983.870768 145.096932 168.987077 -0.643544 
983.447585 144.733239 148.557810 -0.537475 
983.197661 143.984962 149.816437 -0.075934 
983.431169 143.221953 147.638127 0.475393 
983.808942 142.858647 158.275889 0.636970 
984.161375 142.176939 171.537668 0.831370 
984.861674 141.838966 177.203165 0.861108 
985.241768 141.288654 168.134063 0.873564 
985.934873 140.921112 181.232543 0.880658 
986.372477 140.460998 155.465229 0.891209 
987.009100 140.011381 181.762267 0.896310 
987.672839 139.588337 159.118274 0.899277 
988.085977 139.105628 180.443110 0.887602 
988.789596 138.749467 171.508850 0.872239 
989.161025 138.189375 176.422586 0.866129 
989.865282 137.841486 178.510279 0.866369 
990.243017 137.289028 168.289606 0.871664 
990.938590 136.924140 180.926284 0.890284 
992.054412 136.092074 176.001704 1.037054 
992.929765 135.792726 170.017888 1.244087 
993.950597 135.565005 163.943984 1.457710 
994.990088 135.519945 163.332250 1.550151 
995.990868 135.511118 162.906349 1.552119 
997.037274 135.464917 162.803279 1.490794 
998.056729 135.349301 164.994406 1.409794 
999.043653 135.174163 168.300884 1.325212 
999.992378 134.975319 170.676704 1.271282 
1000.920840 134.755193 168.312035 1.258053 
1002.112368 134.274727 168.588802 1.182540 
1002.979547 133.962586 178.527910 1.070510 
1003.734876 133.594628 161.964858 0.991595 
1004.121620 133.160950 177.010232 0.923699 
1004.833970 132.815755 175.618468 0.837354 
1005.196192 132.185576 174.143600 0.757599 
1005.766478 131.814056 172.273256 0.672455 
1006.097573 131.059382 178.067889 0.546711 
1006.738138 129.896927 168.432262 0.374990 
1006.977361 128.993187 169.863166 0.292307 
1007.161549 128.023291 165.078504 0.143184 
1007.213543 126.990509 163.593640 -0.044418 
1007.093237 125.982488 166.290988 -0.185657 
1006.928762 125.016344 167.679197 -0.225529 
1006.766108 124.044107 166.297890 -0.186390 
1006.630529 123.047546 164.542743 -0.127984 
1006.533116 122.041131 162.405646 -0.087871 
1006.432587 120.955291 162.934651 -0.102988 
1006.329259 119.957510 164.391311 -0.128337 
1006.216321 118.966292 165.338805 -0.154579 
1006.083010 117.984389 166.293437 -0.185894 
1005.938365 117.011273 166.144098 -0.180894 
1005.811167 116.024616 164.816068 -0.129626 
1005.727239 115.023723 164.050295 -0.086757 
1005.665229 114.025745 163.915877 -0.076753 
1005.603024 113.027130 163.814299 -0.068236 
1005.552847 112.020067 163.589364 -0.044848 
1005.525508 111.011458 163.360327 -0.024144 
1005.507759 110.010115 162.682268 -0.020546 
1005.476853 108.978703 162.573693 -0.044632 
1005.426347 107.971186 163.196547 -0.067482 
1005.361093 106.970660 163.742019 -0.081076 
1005.295407 105.977891 163.848260 -0.074704 
1005.245702 104.987498 163.641531 -0.050838 
1005.217362 103.993705 163.501738 -0.028953 
1005.200147 102.995590 163.472969 -0.022030 
1005.181826 101.994992 163.495291 -0.027538 
1005.155178 100.993626 163.571109 -0.041051 
1005.114826 99.993275 163.713319 -0.058496 
1005.061193 98.995781 163.821213 -0.068831 
1005.005819 97.999627 163.767755 -0.063952 
1004.959428 97.002557 163.737800 -0.062952 
1004.901890 96.011991 164.198409 -0.121619 
1004.758010 95.066744 164.579949 -0.269122 
1004.195998 93.891761 170.865731 -0.504568 
1003.875291 93.083546 177.628060 -0.590257 
1003.046873 91.966289 181.574963 -0.623484 
1002.677498 91.237649 166.580275 -0.635060 
1002.195463 90.853479 175.459663 -0.643250 
1001.856568 90.106373 178.521993 -0.638121 
1001.415160 89.702249 160.545370 -0.622173 
1001.003564 88.997459 182.191968 -0.619272 
1000.598840 88.287409 161.532651 -0.621677 
1000.151824 87.887658 178.194502 -0.637037 
999.813821 87.139629 176.237204 -0.643484 
999.334663 86.753244 165.880501 -0.635341 
998.960168 86.028728 182.035107 -0.624826 
998.106297 84.922362 180.238577 -0.630831 
997.761153 84.178848 172.616917 -0.642731 
997.266301 83.800469 170.624963 -0.643034 
996.914418 83.062755 180.900055 -0.632707 
996.058722 81.957604 181.456403 -0.625318 
995.694761 81.224691 167.784736 -0.634555 
995.210349 80.843088 174.415843 -0.640913 
994.870077 80.095698 179.070460 -0.634855 
994.446202 79.682507 158.573074 -0.618433 
994.018351 78.986940 181.984706 -0.618520 
993.627846 78.266819 163.322099 -0.622017 
993.171354 77.874080 176.861921 -0.633735 
992.834598 77.121760 177.225513 -0.634577 
992.380376 76.726798 162.752208 -0.622864 
991.988838 76.007872 181.696842 -0.614227 
991.575583 75.284029 159.572954 -0.589769 
991.191918 74.879136 174.288192 -0.562020 
990.887605 74.056618 176.447558 -0.466639 
990.506273 73.177944 159.126538 -0.345919 
990.348291 72.877230 166.086389 -0.338894 
990.084452 71.969221 172.940448 -0.349496 
989.855000 71.048575 171.471748 -0.323247 
989.605347 70.107554 163.824092 -0.266068 
989.230377 68.925114 169.576534 -0.314286 
988.994246 68.002097 173.404745 -0.349510 
988.758380 67.075952 169.043861 -0.304564 
988.382852 65.891188 164.005466 -0.276912 
988.126625 64.955785 171.968872 -0.335943 
987.898624 64.035370 172.372305 -0.335692 
987.652439 63.098555 165.534701 -0.276308 
987.277115 61.914645 167.913851 -0.298792 
987.037712 60.986455 173.038059 -0.344810 
986.808585 60.061631 170.298333 -0.311492 
986.551996 59.116484 161.506292 -0.254375 
986.457746 58.880518 161.037476 -0.255326 
986.193921 57.936402 170.327737 -0.316905 
985.963784 57.012943 173.027387 -0.343226 
985.727137 56.082058 168.001584 -0.292127 
985.359701 54.898537 164.929580 -0.274933 
985.106124 53.961972 172.482713 -0.344084 
984.859995 53.057613 172.931030 -0.390387 
984.506733 52.227667 158.249458 -0.432417 
984.240047 51.870526 170.233027 -0.494644 
983.906599 51.063586 178.077143 -0.597711 
983.047501 49.962103 181.492886 -0.673406 
982.663292 49.276508 164.565061 -0.687541 
982.132516 48.887797 179.840545 -0.702586 
981.781790 48.190651 174.283599 -0.718094 
981.200608 47.823792 175.748257 -0.720735 
980.850874 47.129169 179.177521 -0.713809 
980.292499 46.751195 167.917679 -0.704852 
979.922792 46.063834 181.339644 -0.690856 
979.461987 45.627064 155.448955 -0.679142 
979.009226 44.992509 181.689487 -0.681940 
978.582119 44.342162 158.062912 -0.686102 
978.093502 43.921993 180.759364 -0.695300 
977.730237 43.229970 169.821393 -0.705938 
977.165854 42.856862 178.213128 -0.712016 
976.817716 42.158666 177.232146 -0.716237 
976.242201 41.790102 172.340266 -0.714068 
975.886015 41.096920 180.551832 -0.704661 
975.363184 40.697136 162.105271 -0.695081 
974.964679 40.028800 181.718925 -0.684047 
974.055206 38.955327 181.576695 -0.680325 
973.672778 38.271467 165.175863 -0.692537 
973.134958 37.884874 179.713152 -0.706264 
972.784122 37.189139 174.460665 -0.719476 
972.202081 36.822531 175.640463 -0.720644 
971.852346 36.127509 179.276104 -0.712319 
971.296336 35.748860 167.647062 -0.703032 
970.924992 35.062040 181.362670 -0.691049 
970.465904 34.622377 155.092687 -0.681121 
970.010802 33.991210 181.669897 -0.683054 
969.584866 33.339445 158.306960 -0.685426 
969.095040 32.920841 180.771617 -0.694483 
968.732610 32.228261 170.055226 -0.706616 
968.166565 31.855701 178.185922 -0.713895 
967.818023 31.159389 177.248842 -0.719327 
967.235238 30.792840 172.792420 -0.722017 
966.876433 30.110058 180.195571 -0.727641 
966.291205 29.730123 166.518933 -0.747404 
965.909865 29.088810 180.728097 -0.777995 
965.281013 28.704412 165.666169 -0.810669 
964.897581 28.113404 180.447104 -0.836251 
964.218484 27.750523 171.373587 -0.851532 
963.848172 27.178007 177.323578 -0.864601 
963.137872 26.831777 177.788820 -0.884230 
962.757266 26.309940 167.368925 -0.906405 
962.043554 25.941492 181.668130 -0.930885 
960.941066 25.081355 180.645491 -0.943879 
960.194750 24.729170 170.028785 -0.947376 
959.815014 24.262946 170.779946 -0.957717 
959.054801 23.918711 180.448565 -0.977628 
957.925275 23.115815 178.727999 -0.997792 
957.131755 22.789706 173.835210 -1.011098 
956.744908 22.424405 161.198088 -1.029598 
955.978683 22.035913 180.004703 -1.035126 
955.172012 21.697064 168.169799 -1.054378 
954.802377 21.355021 165.259720 -1.062860 
953.995034 21.009019 179.152727 -1.067485 
953.165945 20.676059 167.047888 -1.097382 
952.808748 20.382699 163.997830 -1.107352 
951.979025 20.041493 177.848714 -1.102741 
951.122690 19.741336 170.218086 -1.127899 
949.938262 19.132012 175.049063 -1.133345 
949.063274 18.858929 174.416275 -1.149169 
947.874548 18.304108 167.786191 -1.179540 
946.991601 18.019399 175.866369 -1.162189 
946.098105 17.749625 169.809064 -1.197353 
944.906965 17.246753 169.740516 -1.210240 
944.003945 16.990084 174.637925 -1.192123 
943.090609 16.734678 168.666770 -1.241708 
941.902861 16.316873 166.521870 -1.273336 
940.974133 16.074580 172.309074 -1.236943 
940.046455 15.852944 170.642928 -1.264818 
939.082074 15.626244 164.190545 -1.354634 
937.931943 15.394980 163.496247 -1.400168 
936.950755 15.231238 166.784058 -1.360970 
935.985499 15.058606 168.313072 -1.328242 
935.029312 14.883617 168.307801 -1.324073 
934.064448 14.700483 165.954864 -1.358855 
933.077953 14.519749 160.693639 -1.409882 
932.923449 14.482200 160.693967 -1.413356 
931.935565 14.309637 165.964766 -1.365626 
930.967530 14.116764 169.485615 -1.299569 
930.024146 13.918481 170.211385 -1.282834 
929.067973 13.713066 166.712291 -1.338190 
928.079993 13.519771 160.712382 -1.405739 
927.922046 13.480724 160.779512 -1.410035 
926.935502 13.306685 166.041257 -1.363510 
925.968420 13.112723 169.576949 -1.297640 
925.025400 12.914045 170.176035 -1.283476 
924.068317 12.708989 166.599018 -1.340213 
923.080016 12.516366 160.564465 -1.406834 
922.922796 12.477828 160.894985 -1.410607 
921.936071 12.305299 166.083501 -1.364380 
920.968664 12.111516 169.633394 -1.296862 
920.026058 11.912052 170.230493 -1.282750 
919.068506 11.706716 166.607575 -1.341329 
918.079598 11.514768 160.553534 -1.408203 
917.923560 11.476684 160.990086 -1.411792 
916.938468 11.308669 165.830240 -1.374030 
915.968853 11.134577 167.670021 -1.343356 
915.004010 10.977027 165.900440 -1.397973 
914.008630 10.878737 163.846556 -1.499750 
913.001979 10.854936 163.448508 -1.557156 
912.000166 10.853006 163.433407 -1.569669 
911.000006 10.852942 163.433303 -1.570757 
910.000000 10.852941 163.433303 -1.570796 
909.000000 10.852941 163.433303 -1.570796 
908.000000 10.852941 163.433303 -1.570796 
907.000000 10.852941 163.433303 -1.570796 
906.000000 10.852941 163.433303 -1.570796 
905.000000 10.852941 163.433303 -1.570796 
904.000000 10.852941 163.433303 -1.570796 
903.000000 10.852941 163.433303 -1.570796 
902.000000 10.852941 163.433303 -1.570796 
901.000000 10.852941 163.433303 -1.570796 
900.000000 10.852941 163.433303 -1.570796 
899.000000 10.852941 163.433303 -1.570796 
898.000000 10.852941 163.433303 -1.570796 
897.000000 10.852941 163.433303 -1.570796 
896.000000 10.852941 163.433303 -1.570796 
895.000000 10.852941 163.433303 -1.570796 
894.000000 10.852941 163.433303 -1.570796 
893.000000 10.852941 163.433303 -1.570796 
892.000000 10.852941 163.433303 -1.570796 
891.000000 10.852941 163.433303 -1.570796 
890.000000 10.852941 163.433303 -1.570796 
889.000000 10.852941 163.433303 -1.570796 
888.000000 10.852941 163.433303 -1.570796 
887.000000 10.852941 163.433303 -1.570796 
886.000000 10.852941 163.433303 -1.570796 
885.000000 10.852941 163.433303 -1.570796 
884.000000 10.852941 163.433303 -1.570796 
883.000000 10.852941 163.433303 -1.570796 
882.000000 10.852941 163.433303 -1.570796 
881.000000 10.852941 163.433303 -1.570796 
880.000000 10.852941 163.433303 -1.570796 
879.000000 10.852941 163.433303 -1.570796 
878.000000 10.852941 163.433303 -1.570796 
877.000000 10.852941 163.433303 -1.570796 
876.000000 10.852941 163.433303 -1.570796 
875.000000 10.852941 163.433303 -1.570796 
874.000000 10.852941 163.433303 -1.570796 
873.000000 10.852941 163.433303 -1.570796 
872.000000 10.852941 163.433303 -1.570796 
871.000000 10.852941 163.433303 -1.570796 
870.000000 10.852941 163.433303 -1.570796 
869.000000 10.852941 163.433303 -1.570796 
868.000000 10.852941 163.433303 -1.570796 
867.000000 10.852941 163.433303 -1.570796 
866.000000 10.852941 163.433303 -1.570796 
865.000000 10.852941 163.433303 -1.570796 
864.000000 10.852941 163.433303 -1.570796 
