LinkedEdgelFile 0 0 972 1296 1 1694 1694
0 1694
964.998226 306.614217 162.345297 -1.575395 
963.982295 306.966351 174.762982 -2.055152 
963.276227 307.287307 163.669842 -2.336534 
962.923431 307.944712 182.719655 -2.516215 
962.088949 309.060371 184.242065 -2.545297 
961.750018 309.786691 173.826288 -2.435189 
961.152321 310.152321 180.961307 -2.356194 
960.786692 310.750018 173.826420 -2.277199 
960.060433 311.089046 184.246871 -2.167062 
958.947019 311.925804 183.461800 -2.190903 
958.279264 312.281668 166.612364 -2.351908 
957.914427 312.935548 182.745757 -2.496056 
957.476975 313.345677 157.441536 -2.514462 
956.989423 313.989950 181.018180 -2.381775 
956.012574 315.011833 180.668889 -2.386533 
955.539907 315.692969 158.498899 -2.553135 
955.177280 316.100298 177.781223 -2.626730 
954.892045 316.953822 177.019597 -2.737396 
954.606038 317.925898 166.267026 -2.955672 
954.502621 318.970839 163.311650 -3.083031 
954.497393 319.029137 163.311175 -3.083080 
954.394949 320.073445 166.223220 -2.957731 
954.123594 321.049313 175.962059 -2.761954 
953.876397 321.950689 175.958999 -2.761997 
953.604922 322.927217 166.183522 -2.959411 
953.506868 323.982067 163.541336 -3.105243 
953.500150 324.998579 163.433963 -3.138751 
953.500000 325.999958 163.433304 -3.141509 
953.500000 327.000042 163.433304 -3.141509 
953.499850 328.001421 163.433963 -3.138751 
953.493127 329.017958 163.541637 -3.105192 
953.394307 330.073331 166.223557 -2.957720 
953.111655 331.047168 176.973337 -2.741888 
952.836660 331.912882 179.072713 -2.651620 
952.086768 333.058200 184.056468 -2.550764 
951.751254 333.789797 174.191060 -2.439981 
951.170409 334.160452 180.703877 -2.386278 
950.829591 334.839548 180.703877 -2.386278 
950.248746 335.210203 174.191060 -2.439981 
949.913232 335.941800 184.056468 -2.550764 
949.163367 337.087141 179.076600 -2.651580 
948.888207 337.952577 177.072318 -2.740397 
948.604628 338.917543 166.527494 -2.935984 
948.395371 340.082457 166.527525 -2.935983 
948.111749 341.047409 177.072504 -2.740365 
947.836309 341.912585 179.047945 -2.651096 
947.070699 343.050436 182.753252 -2.521934 
946.711623 343.702247 164.145532 -2.340199 
946.021822 344.036908 179.212798 -2.104758 
945.138247 344.412773 166.206834 -1.893977 
944.863244 344.561346 165.440791 -1.873009 
943.945799 344.871724 176.976809 -1.970574 
943.049578 345.123188 176.147455 -1.953423 
942.081944 345.396169 166.482661 -1.774761 
940.918078 345.603838 166.480988 -1.774712 
939.950619 345.876733 176.046847 -1.951820 
939.050107 346.126627 175.752935 -1.947598 
938.057544 346.407814 164.692434 -1.710976 
936.918547 346.401361 161.845707 -1.370573 
935.985788 346.020820 164.184639 -0.971812 
935.467261 345.655764 141.973008 -0.634942 
935.188576 344.972201 155.517721 -0.146364 
935.229345 344.043159 165.540857 0.186010 
935.409227 343.059640 165.137542 0.144719 
935.493470 342.016512 163.524767 0.033449 
935.499851 341.001379 163.433925 0.002759 
935.500000 340.000000 163.433303 0.000000 
935.499850 338.998579 163.433963 -0.002842 
935.493127 337.982042 163.541637 -0.036400 
935.394314 336.926673 166.223220 -0.183862 
935.111963 335.952746 176.957011 -0.399368 
934.839538 335.084680 178.961623 -0.485581 
934.148107 333.918254 180.321313 -0.504331 
933.848263 333.084698 180.422711 -0.509108 
933.071575 331.949288 183.231848 -0.616420 
932.716509 331.283495 166.199995 -0.785406 
932.050583 330.928560 183.202254 -0.954682 
930.912565 330.163736 179.051497 -1.080322 
930.047409 329.888250 177.072584 -1.169570 
929.082457 329.604629 166.527525 -1.365187 
927.917546 329.395379 166.527117 -1.365199 
926.952491 329.112101 177.055904 -1.169936 
926.084701 328.839513 178.965405 -1.085175 
924.918144 328.148431 180.297160 -1.066822 
924.081860 327.851565 180.298050 -1.066813 
922.915265 327.160016 179.082803 -1.083794 
922.051841 326.883571 178.022669 -1.151894 
921.133165 326.566796 165.579648 -1.272568 
920.867041 326.434497 165.518979 -1.273838 
919.945970 326.128019 176.957011 -1.171428 
919.049308 325.876944 176.052654 -1.189690 
918.072802 325.604927 166.185019 -1.388565 
917.017933 325.506868 163.541336 -1.534446 
916.001421 325.500150 163.433963 -1.567954 
915.000042 325.500000 163.433304 -1.570713 
913.999958 325.500000 163.433304 -1.570713 
912.998579 325.499850 163.433963 -1.567954 
911.982067 325.493132 163.541336 -1.534446 
910.927217 325.395078 166.183522 -1.388614 
909.950690 325.123602 175.958999 -1.191201 
909.049310 324.876398 175.958999 -1.191201 
908.072783 324.604922 166.183522 -1.388614 
907.017933 324.506868 163.541336 -1.534446 
906.001421 324.500150 163.433963 -1.567954 
905.000000 324.500000 163.433303 -1.570796 
903.998579 324.500150 163.433963 -1.573638 
902.982067 324.506868 163.541336 -1.607146 
901.927217 324.604922 166.183522 -1.752978 
900.950690 324.876398 175.958999 -1.950392 
900.049310 325.123602 175.958999 -1.950392 
899.072783 325.395078 166.183522 -1.752978 
898.017933 325.493132 163.541336 -1.607146 
897.001421 325.499850 163.433963 -1.573638 
896.000042 325.500000 163.433304 -1.570880 
895.000000 325.500000 163.433303 -1.570796 
893.999958 325.500000 163.433304 -1.570713 
892.998621 325.499851 163.433925 -1.568038 
891.983456 325.493509 163.525115 -1.537285 
890.939057 325.411938 165.212142 -1.423920 
889.950468 325.227672 167.256455 -1.356574 
888.996344 325.100532 163.541336 -1.534446 
888.006001 325.196261 163.509689 -1.601364 
886.975373 325.099171 168.397051 -1.327394 
886.044468 324.866018 172.199663 -1.250340 
885.012863 324.617823 163.525850 -1.537151 
883.959305 324.769709 165.953537 -1.745704 
883.002744 324.891888 163.074240 -1.545423 
882.095752 324.721166 166.996343 -1.240011 
880.953418 324.068294 181.477754 -0.972197 
880.281913 323.717210 166.046836 -0.786951 
879.925907 323.052989 183.398140 -0.620829 
879.089425 321.939370 184.262944 -0.595807 
878.751277 321.210537 174.220205 -0.702441 
878.167457 320.841040 181.022618 -0.759372 
877.823302 320.175306 180.623743 -0.781444 
877.173364 319.826636 180.961311 -0.785398 
876.824694 319.176698 180.623740 -0.789352 
876.158959 318.832543 181.022621 -0.811426 
875.789447 318.248757 174.218275 -0.868385 
875.060345 317.910901 184.278066 -0.975478 
873.937883 317.092540 184.086028 -0.979631 
873.191929 316.760461 174.670218 -0.895297 
872.807945 316.239833 174.638947 -0.895578 
872.059917 315.909863 183.867954 -0.984130 
870.912915 315.163291 179.071978 -1.080854 
870.047169 314.888343 176.973278 -1.171092 
869.073331 314.605693 166.223557 -1.386924 
868.017917 314.506866 163.541142 -1.534479 
867.000000 314.500268 163.433303 -1.570796 
865.982083 314.506866 163.541142 -1.607114 
864.926673 314.605686 166.223220 -1.754658 
863.952746 314.888037 176.957011 -1.970165 
863.084678 315.160458 178.961623 -2.056377 
861.918015 315.851470 180.312274 -2.075156 
861.083510 316.149578 180.398394 -2.079991 
859.933583 316.907649 181.901234 -2.194281 
859.259748 317.249179 163.384041 -2.376959 
858.961001 317.980435 172.280848 -2.676608 
859.070290 319.936438 160.050570 2.406416 
859.805823 320.361601 159.759408 2.063599 
860.155757 320.678954 164.645235 2.022499 
860.944498 321.064962 174.432090 2.277823 
861.441768 321.656200 156.974792 2.480264 
861.914103 322.065780 181.831036 2.488060 
862.282724 322.704313 164.356311 2.333787 
862.981793 323.032079 177.909001 2.087040 
863.910770 323.379986 166.769702 1.801441 
865.082656 323.604470 166.531314 1.776807 
866.047413 323.888243 177.073363 1.972033 
866.912565 324.163737 179.051501 2.061270 
868.050584 324.928556 183.205283 2.186887 
868.716711 325.283460 166.237523 2.355892 
869.073799 325.947248 183.444469 2.521000 
869.911810 327.059731 184.215121 2.546266 
870.260415 327.783953 173.209666 2.449046 
870.848968 328.136668 177.950798 2.406081 
871.165908 328.885060 165.745918 2.535718 
871.614667 329.215576 152.058631 2.631521 
871.581835 330.704326 139.505148 -2.526135 
871.046963 331.065312 159.350648 -2.194198 
870.107888 331.429517 159.331712 -1.816890 
868.971178 331.515385 163.172261 -1.630199 
867.926674 331.605937 166.217531 -1.754770 
866.950694 331.876965 176.055555 -1.951948 
866.054027 332.128015 176.956292 -1.970155 
865.132691 332.434189 165.508888 -1.867388 
864.867293 332.565814 165.510763 -1.867425 
863.945974 332.872522 177.055904 -1.971656 
863.054168 333.127695 177.072259 -1.971992 
862.136467 333.438417 165.483623 -1.872563 
861.862857 333.583439 166.217183 -1.888847 
860.968129 333.942252 180.320426 -2.075098 
860.196219 334.253466 172.887730 -2.229572 
859.810452 334.761198 174.386073 -2.241713 
859.060199 335.090554 183.870219 -2.157499 
857.916934 335.852635 180.598385 -2.084080 
857.097706 336.165139 179.241330 -2.105060 
856.690144 336.545642 158.914258 -2.169315 
856.022562 337.022743 180.626005 -2.352213 
855.532180 337.660072 158.090223 -2.513223 
855.100922 338.072210 183.430545 -2.520536 
854.754300 338.788538 174.105063 -2.430949 
854.152437 339.152582 180.961328 -2.355718 
853.786696 339.749994 173.827185 -2.277143 
853.060173 340.088751 184.263111 -2.166602 
851.939605 340.910829 184.278025 -2.166116 
851.210106 341.248477 174.225553 -2.272715 
850.839533 341.829585 180.706186 -2.326140 
850.160468 342.170415 180.706173 -2.326141 
849.789911 342.751557 174.227365 -2.272745 
849.060646 343.089450 184.258664 -2.166598 
847.947433 343.927008 182.998714 -2.194939 
847.297777 344.288231 164.186549 -2.372484 
846.962883 344.978038 179.242378 -2.607299 
846.583171 345.857786 166.164182 -2.812797 
846.416829 346.142214 166.164182 -2.812797 
846.037117 347.021962 179.242378 -2.607299 
845.702223 347.711769 164.186549 -2.372484 
845.052567 348.072992 182.998714 -2.194939 
843.939354 348.910550 184.258664 -2.166598 
843.210089 349.248443 174.227365 -2.272745 
842.839532 349.829585 180.706173 -2.326141 
842.160467 350.170415 180.706186 -2.326140 
841.789894 350.751523 174.225553 -2.272715 
841.060395 351.089171 184.278021 -2.166116 
839.939823 351.911247 184.259953 -2.166626 
839.213260 352.249808 173.783300 -2.277434 
838.847827 352.849033 180.626007 -2.360175 
838.264455 353.218219 171.954036 -2.451694 
837.946430 353.970073 180.447197 -2.632129 
837.579672 354.858815 166.180690 -2.817541 
837.416655 355.141938 166.202151 -2.813261 
837.037087 356.021943 179.241410 -2.607329 
836.702222 356.711769 164.186444 -2.372484 
836.052567 357.072992 182.998711 -2.194939 
834.939354 357.910550 184.258666 -2.166598 
834.210091 358.248445 174.227348 -2.272746 
833.839544 358.829607 180.708268 -2.326168 
833.160771 359.170574 180.703500 -2.326617 
832.791732 359.755830 174.499999 -2.277010 
832.072100 360.100823 183.396719 -2.191597 
831.656702 360.531899 157.605015 -2.203578 
831.025198 361.024202 178.362811 -2.376359 
830.528195 361.755836 153.929488 -2.664034 
830.296311 362.111054 165.178962 -2.783008 
830.108390 363.007129 163.084977 -3.075920 
830.200410 363.999724 162.733423 3.140213 
829.996110 364.998404 167.176588 -2.752294 
829.706730 365.730324 160.201289 -2.398082 
829.056553 366.077130 180.273162 -2.203471 
827.915943 366.849606 180.393434 -2.080458 
827.084317 367.151083 180.467183 -2.079824 
825.941662 367.913085 184.084843 -2.161934 
825.210206 368.248746 174.192252 -2.272417 
824.839548 368.829592 180.704087 -2.326112 
824.160468 369.170416 180.706069 -2.326140 
823.789911 369.751557 174.227359 -2.272745 
823.060644 370.089446 184.258538 -2.166599 
821.947191 370.926709 182.952323 -2.195176 
821.297291 371.287016 163.997826 -2.373777 
820.968689 371.982264 177.762251 -2.626221 
820.620363 372.918805 166.422019 -2.930892 
820.502851 373.969635 163.307472 -3.080590 
820.497140 374.030192 163.310315 -3.080936 
820.381852 375.079785 166.532088 -2.935614 
820.048584 376.025915 179.076600 -2.651580 
819.736721 376.785080 172.188635 -2.456980 
819.167187 377.157327 180.665432 -2.386569 
818.823160 377.824935 180.546979 -2.361239 
818.176097 378.174025 180.395681 -2.362115 
817.828787 378.844049 178.512285 -2.402811 
817.263288 379.203196 168.493195 -2.484308 
816.988844 379.996174 167.036929 -2.811225 
816.906501 381.017595 165.873106 2.955583 
817.134426 381.959294 170.321751 2.847555 
817.339716 383.042021 159.208086 -3.018524 
816.929495 383.945577 168.498644 -2.484216 
816.361522 384.449143 154.406717 -2.248527 
815.927820 384.899140 182.514484 -2.191947 
815.190473 385.235250 174.873808 -2.251401 
814.807621 385.760172 174.658233 -2.246851 
814.062084 386.092479 184.083905 -2.162017 
812.939310 386.911195 183.750756 -2.170295 
812.216154 387.245430 171.327534 -2.292853 
811.861633 387.886744 172.359054 -2.455660 
811.441664 388.264790 154.653213 -2.601521 
811.179670 389.028850 159.954315 -2.982381 
811.201127 390.002915 162.629111 -3.127099 
811.017143 391.006553 169.140731 -2.776492 
810.732928 391.792937 168.782409 -2.482089 
810.170381 392.155582 178.696781 -2.401565 
809.823695 392.825583 180.403321 -2.361578 
809.173778 393.173500 180.919251 -2.356996 
808.826328 393.826515 180.955437 -2.356733 
808.176831 394.175333 180.588577 -2.360449 
807.832884 394.842639 180.706183 -2.386249 
807.263241 395.215468 172.359156 -2.455660 
806.945975 395.969851 180.470668 -2.632588 
806.579847 396.858880 166.176669 -2.817553 
806.416646 397.142151 166.164177 -2.812797 
806.036674 398.021869 178.737484 -2.603900 
805.700275 398.700271 162.051679 -2.356186 
805.021745 399.036494 178.713258 -2.108171 
804.138726 399.413053 166.180788 -1.894815 
803.862822 399.562556 165.509396 -1.874675 
802.948000 399.883330 178.041190 -1.990072 
802.084733 400.160009 179.083738 -2.057808 
800.918141 400.851570 180.298940 -2.074788 
800.082030 401.148632 180.320426 -2.075098 
798.917970 401.851368 180.320426 -2.075098 
798.081859 402.148430 180.298940 -2.074788 
796.915266 402.839990 179.083665 -2.057807 
796.051979 403.116633 178.040843 -1.990040 
795.136923 403.437418 165.553868 -1.874161 
794.862596 403.583159 166.228575 -1.889211 
793.968127 403.942250 180.321390 -2.075107 
793.196255 404.253496 172.889340 -2.229601 
792.810544 404.761463 174.417572 -2.242015 
792.062208 405.092742 184.057493 -2.161633 
790.937924 405.907527 184.082723 -2.161986 
790.192206 406.239487 174.615644 -2.247104 
789.808621 406.765489 174.469185 -2.255265 
789.069479 407.094571 180.059674 -2.204422 
788.599825 407.582705 146.724072 -2.335256 
788.172805 408.102667 155.148122 -2.605508 
787.885619 409.007295 158.324975 3.077899 
788.111735 409.982526 165.005033 2.986464 
788.097242 411.021045 167.204836 -2.928461 
787.865406 411.956307 171.817088 -2.827693 
787.621221 413.009613 163.074240 3.116219 
787.951564 414.024044 176.332235 2.680828 
788.258943 414.787809 171.487927 2.455102 
788.846708 415.151641 180.397512 2.361609 
789.212998 415.750518 173.775520 2.277471 
789.939817 416.088765 184.256928 2.166604 
791.062234 416.907224 184.057689 2.161654 
791.810637 417.238591 174.379797 2.241668 
792.195308 417.746999 172.718026 2.228208 
792.971476 418.054360 178.740621 2.054029 
793.934197 418.391101 165.303032 1.737487 
795.067652 418.389069 165.183426 1.398636 
796.018745 418.033275 177.525682 1.057783 
796.713891 417.703614 163.988261 0.803039 
797.073509 417.052966 182.944186 0.624378 
797.907187 415.937635 184.066215 0.591650 
798.239530 415.191946 174.673687 0.675559 
798.760434 414.808037 174.671986 0.675530 
799.092539 414.062116 184.086115 0.591166 
799.910903 412.939656 184.278025 0.595320 
800.248764 412.210570 174.215639 0.702438 
800.832838 411.841170 181.020398 0.759846 
801.177885 411.177886 180.287728 0.785399 
801.841184 410.832844 181.018180 0.810978 
802.210668 410.249034 174.181223 0.868664 
802.941821 409.913271 184.058719 0.979930 
804.087176 409.162893 179.195084 1.079406 
804.948243 408.883867 178.040904 1.151552 
805.866556 408.566489 165.590923 1.272180 
806.133443 408.433522 165.590425 1.272190 
807.051845 408.116434 178.023419 1.151884 
807.915264 407.839982 179.082876 1.083793 
809.081750 407.148111 180.322203 1.066456 
809.915302 406.848263 180.422715 1.061689 
811.050711 406.071577 183.234999 0.954400 
811.716703 405.716536 166.238825 0.785693 
812.073767 405.052729 183.444682 0.620593 
812.910573 403.939368 184.263029 0.595808 
813.248730 403.210554 174.217573 0.702467 
813.832837 402.841169 181.020399 0.759847 
814.177885 402.177885 180.287839 0.785398 
814.841170 401.832838 181.020404 0.810951 
815.210570 401.248763 174.215737 0.868358 
815.939630 400.910871 184.279315 0.975449 
817.060371 400.089131 184.279355 0.975450 
817.789448 399.751244 174.218376 0.868384 
818.158959 399.167458 181.022630 0.811427 
818.824711 398.823310 180.626001 0.789379 
819.173489 398.173654 180.961331 0.785874 
819.826228 397.826228 180.956820 0.785398 
820.173654 397.173489 180.961331 0.784922 
820.823310 396.824711 180.626001 0.781418 
821.167458 396.158959 181.022626 0.759369 
821.751243 395.789447 174.218278 0.702411 
822.089099 395.060345 184.278066 0.595318 
822.907461 393.937884 184.086112 0.591166 
823.239564 393.191961 174.672013 0.675529 
823.760436 392.808039 174.672013 0.675529 
824.092539 392.062116 184.086112 0.591166 
824.910903 390.939656 184.278021 0.595320 
825.248763 390.210569 174.215524 0.702439 
825.832846 389.841168 181.017923 0.759873 
826.177916 389.178015 180.249019 0.785677 
826.842749 388.833054 180.660637 0.815294 
827.214438 388.262707 172.177381 0.886216 
827.973510 387.950058 178.854542 1.083114 
828.933387 387.609832 165.382467 1.401697 
830.058787 387.597716 165.157265 1.715903 
831.049344 387.875410 175.784380 1.947894 
831.950770 388.123426 175.953954 1.950320 
832.927218 388.395074 166.183522 1.752978 
833.982042 388.493130 163.541637 1.607197 
834.997717 388.499982 163.423235 1.575362 
835.002283 388.500018 163.423235 1.575362 
836.017958 388.506870 163.541637 1.607197 
837.072783 388.604922 166.183522 1.752978 
838.049311 388.876397 175.958999 1.950392 
838.950687 389.123594 175.962059 1.950435 
839.926555 389.394949 166.223220 1.754658 
840.970869 389.497389 163.311059 1.629296 
841.029131 389.502611 163.311059 1.629296 
842.073445 389.605051 166.223220 1.754658 
843.049313 389.876406 175.962059 1.950435 
843.950689 390.123603 175.958999 1.950392 
844.927217 390.395078 166.183522 1.752978 
845.982067 390.493132 163.541336 1.607146 
846.998554 390.499850 163.433987 1.573689 
848.001446 390.500150 163.433987 1.573689 
849.017933 390.506868 163.541336 1.607146 
850.072783 390.604922 166.183522 1.752978 
851.049310 390.876398 175.958999 1.950392 
851.950690 391.123602 175.958999 1.950392 
852.927217 391.395078 166.183522 1.752978 
853.982067 391.493132 163.541336 1.607146 
854.998579 391.499850 163.433963 1.573638 
855.999958 391.500000 163.433304 1.570880 
857.000000 391.500000 163.433303 1.570796 
858.000000 391.500000 163.433303 1.570796 
859.000000 391.500000 163.433303 1.570796 
860.000000 391.500000 163.433303 1.570796 
861.000042 391.500000 163.433304 1.570880 
862.001452 391.500151 163.433993 1.573701 
863.018984 391.507058 163.532570 1.609289 
864.080800 391.619928 166.322779 1.780268 
865.018097 391.968316 177.192155 2.089746 
865.702649 392.297351 161.668618 2.356194 
866.031662 392.981914 177.196251 2.622603 
866.379869 393.918576 166.370464 2.930439 
866.497161 394.969619 163.305788 3.080559 
866.502874 395.030186 163.310057 3.080946 
866.617896 396.079690 166.527525 2.935983 
866.947329 397.027798 178.965405 2.655972 
867.253551 397.804254 172.724644 2.484149 
867.761215 398.189411 174.352112 2.470996 
868.090378 398.939963 183.839832 2.555236 
868.836977 400.086928 179.065501 2.651718 
869.112788 400.952682 176.789142 2.744362 
869.401751 401.940737 165.169903 2.995136 
869.388108 403.068127 165.241438 -2.967826 
869.024082 404.013557 177.474569 -2.628858 
868.671083 404.684482 162.826831 -2.376984 
868.032399 405.045348 182.560386 -2.191161 
866.899820 405.820736 179.960097 -2.080403 
866.072558 406.131307 180.255839 -2.075619 
864.903715 406.825841 179.896807 -2.075828 
864.072691 407.131753 180.211112 -2.074961 
862.901806 407.814882 178.655267 -2.058497 
862.044509 408.099919 177.925730 -1.989859 
861.130061 408.422477 165.562004 -1.869441 
860.861568 408.551962 164.716019 -1.870466 
859.938163 408.861389 177.668601 -1.990420 
859.075884 409.143342 178.967250 -2.057678 
857.895144 409.802448 177.882475 -2.058760 
857.025859 410.060733 176.283947 -1.973335 
856.071357 410.341625 166.156364 -1.776712 
854.911032 410.570722 164.486097 -1.775154 
853.931665 410.830578 174.896745 -1.954184 
853.024981 411.061930 175.029514 -1.954203 
852.063545 411.305938 165.669060 -1.775590 
851.075888 411.495521 159.749778 -1.722762 
850.903790 411.539961 161.152764 -1.776960 
849.922923 411.808983 174.101538 -1.954325 
849.020862 412.051947 174.798440 -1.952686 
848.051929 412.279913 165.035925 -1.754228 
847.013105 412.357806 162.377854 -1.607406 
846.001058 412.363308 162.269740 -1.573710 
845.000666 412.363539 162.257552 -1.572629 
844.008341 412.367553 161.899163 -1.593484 
843.052608 412.431103 157.942018 -1.692228 
841.891888 412.827295 164.976715 -2.130108 
841.159159 413.145601 153.924574 -2.400652 
840.907769 413.977569 148.498965 -2.903023 
841.779217 415.483229 137.627783 1.999367 
842.057093 415.630009 151.212738 1.723899 
843.010234 415.653129 160.856649 1.600291 
844.000916 415.638345 162.186990 1.573328 
845.000034 415.636619 162.267215 1.570890 
846.000001 415.636548 162.269203 1.570798 
846.999986 415.636062 162.274212 1.570758 
847.999381 415.630009 162.323683 1.569123 
848.991141 415.598954 162.246642 1.548711 
850.085412 415.459682 160.848586 1.387084 
851.076684 415.190893 174.011286 1.188816 
851.978514 414.946469 174.856088 1.189102 
852.943338 414.696576 165.405799 1.386182 
853.974183 414.559182 162.936654 1.512297 
855.079722 414.428293 164.231509 1.386763 
856.067601 414.168400 174.859168 1.189058 
856.971710 413.929726 175.275811 1.188080 
857.928994 413.657188 166.112477 1.366557 
859.087829 413.424868 164.815436 1.366948 
860.060761 413.150777 175.709153 1.187718 
860.953056 412.888828 176.862029 1.171244 
861.870405 412.576553 165.490592 1.273799 
862.138159 412.447754 164.705368 1.271506 
863.061792 412.138511 177.670421 1.151177 
863.923564 411.855721 178.998430 1.083609 
865.096022 411.173808 179.876095 1.066066 
865.927141 410.868039 180.232682 1.066322 
867.096207 410.173884 179.920060 1.065437 
867.924944 409.865440 180.358652 1.061995 
869.078770 409.118193 183.491425 0.982942 
869.823455 408.779621 174.567674 0.895387 
870.224513 408.279065 173.468489 0.893305 
870.955884 407.933635 183.711142 0.984127 
872.091015 407.171790 178.725322 1.083592 
872.957126 406.888913 174.741779 1.202462 
873.999356 406.617350 163.421763 1.569113 
875.045249 406.875784 173.926713 1.920133 
875.946863 407.126759 176.776926 1.967744 
876.867136 407.434308 165.514996 1.867676 
877.133145 407.566790 165.577222 1.868977 
878.051843 407.883563 178.021920 1.989690 
878.915442 408.159805 179.061422 2.057476 
880.084558 408.840195 179.061422 2.057476 
880.948157 409.116436 178.021920 1.989690 
881.866827 409.433213 165.580189 1.869036 
882.132983 409.565497 165.521396 1.867802 
883.054031 409.872510 177.055904 1.971656 
883.945972 410.127485 177.055185 1.971647 
884.867285 410.434195 165.511301 1.867435 
885.132715 410.565805 165.511301 1.867435 
886.054028 410.872515 177.055185 1.971647 
886.945972 411.127485 177.055185 1.971647 
887.867293 411.434186 165.510763 1.867425 
888.132691 411.565811 165.508888 1.867388 
889.054027 411.871985 176.956295 1.970155 
889.950689 412.123048 176.055725 1.951946 
890.926535 412.394944 166.224730 1.754707 
891.970869 412.497389 163.311059 1.629296 
892.029131 412.502611 163.311059 1.629296 
893.073445 412.605051 166.223220 1.754658 
894.049313 412.876406 175.962059 1.950435 
894.950689 413.123603 175.958999 1.950392 
895.927217 413.395078 166.183522 1.752978 
896.982067 413.493132 163.541336 1.607146 
897.998554 413.499850 163.433987 1.573689 
899.001404 413.500149 163.433948 1.573605 
900.016544 413.506492 163.525115 1.604308 
901.060906 413.588081 165.210151 1.717591 
902.049140 413.771144 167.158330 1.782304 
903.000000 413.898943 163.433303 1.570796 
903.950860 413.771144 167.158330 1.359289 
904.939094 413.588081 165.210151 1.424001 
905.983456 413.506492 163.525115 1.537285 
906.998621 413.500149 163.433925 1.568038 
907.999958 413.500000 163.433304 1.570713 
909.000000 413.500000 163.433303 1.570796 
910.000000 413.500000 163.433303 1.570796 
911.000000 413.500000 163.433303 1.570796 
912.000042 413.500000 163.433304 1.570713 
913.001421 413.499850 163.433963 1.567954 
914.017933 413.493132 163.541336 1.534446 
915.072783 413.395078 166.183522 1.388614 
916.049311 413.123603 175.958999 1.191201 
916.950687 412.876406 175.962059 1.191157 
917.926555 412.605051 166.223220 1.386935 
918.970869 412.502611 163.311059 1.512296 
919.029131 412.497389 163.311059 1.512296 
920.073445 412.394949 166.223220 1.386935 
921.049323 412.123602 175.965119 1.191114 
921.950407 411.876234 176.052650 1.189690 
922.918068 411.603793 166.480835 1.366880 
924.081933 411.396116 166.482655 1.366832 
925.049388 411.122720 176.146311 1.188182 
925.944813 410.869227 176.944509 1.171465 
926.866735 410.560407 165.229759 1.276448 
927.129139 410.423222 165.469133 1.274638 
928.033990 410.081724 176.107669 1.176645 
928.931301 409.809142 168.248343 1.225285 
930.021626 409.329400 150.165681 1.505237 
930.941197 409.313707 131.499214 1.756091 
931.649400 410.854211 137.399153 -2.747516 
931.448877 411.129051 133.771869 -2.861644 
930.967451 411.981069 175.496450 -2.614811 
930.121401 413.080841 182.902593 -2.554123 
929.765840 413.801953 174.143125 -2.439556 
929.180556 414.171075 180.742266 -2.383150 
928.824471 414.824484 180.280259 -2.356234 
928.161477 415.169922 180.995865 -2.330717 
927.789618 415.751308 174.182294 -2.272937 
927.058749 416.087521 184.084327 -2.161968 
925.915634 416.848697 180.447170 -2.079453 
925.081975 417.148417 180.343781 -2.075425 
923.917971 417.851371 180.320499 -2.075098 
923.081863 418.148440 180.298050 -2.074779 
921.915299 418.839513 178.965405 -2.056417 
921.047509 419.112101 177.055904 -1.971656 
920.082454 419.395379 166.527117 -1.776394 
918.917546 419.604621 166.527117 -1.776394 
917.952491 419.887899 177.055904 -1.971656 
917.084702 420.160489 178.965475 -2.056418 
915.918238 420.851854 180.320426 -2.075098 
915.084375 421.151333 180.445363 -2.079414 
913.939826 421.909479 183.868890 -2.157470 
913.189549 422.238803 174.385979 -2.241712 
912.803780 422.746534 172.887727 -2.229572 
912.031874 423.057752 180.321317 -2.075106 
911.137404 423.416841 166.228575 -1.889211 
910.863077 423.562582 165.553868 -1.874161 
909.948021 423.883367 178.040843 -1.990040 
909.084734 424.160010 179.083665 -2.057807 
907.918141 424.851570 180.298940 -2.074788 
907.082030 425.148632 180.320426 -2.075098 
905.917971 425.851373 180.321317 -2.075106 
905.082029 426.148627 180.321317 -2.075106 
903.917970 426.851368 180.320426 -2.075098 
903.081859 427.148430 180.298940 -2.074788 
901.915265 427.839984 179.082803 -2.057798 
901.051841 428.116429 178.022669 -1.989699 
900.133165 428.433204 165.579648 -1.869025 
899.867041 428.565503 165.518979 -1.867755 
898.945969 428.871980 176.957011 -1.970165 
898.049311 429.123048 176.055725 -1.951946 
897.073465 429.394944 166.224730 -1.754707 
896.029136 429.497392 163.311167 -1.629308 
895.970845 429.502618 163.311542 -1.629347 
894.926012 429.605818 166.263386 -1.756337 
893.952743 429.888039 176.959506 -1.970198 
893.084498 430.160247 178.939392 -2.056045 
891.915480 430.839728 178.943244 -2.056085 
891.047511 431.112108 177.055185 -1.971647 
890.082454 431.395379 166.527117 -1.776394 
888.917546 431.604621 166.527117 -1.776394 
887.952491 431.887899 177.055904 -1.971656 
887.084701 432.160487 178.965405 -2.056417 
885.918145 432.851575 180.298050 -2.074779 
885.082030 433.148632 180.320426 -2.075098 
883.917970 433.851368 180.320426 -2.075098 
883.081859 434.148430 180.298940 -2.074788 
881.915266 434.839990 179.083665 -2.057807 
881.051980 435.116634 178.040904 -1.990041 
880.136962 435.437491 165.553610 -1.874193 
879.862537 435.583489 166.239989 -1.889575 
878.969966 435.946133 180.446260 -2.079423 
878.214950 436.262896 172.364635 -2.256192 
877.841108 436.829789 180.355493 -2.321813 
877.158854 437.170265 180.319789 -2.321535 
876.785596 437.737071 172.195672 -2.254883 
876.025950 438.048658 179.071907 -2.060738 
875.079152 438.382033 166.485791 -1.775092 
874.018807 438.492918 163.540438 -1.608932 
873.002308 438.499981 163.423273 -1.575413 
872.997711 438.500018 163.423243 -1.575374 
871.982042 438.506870 163.541637 -1.607197 
870.927217 438.604922 166.183522 -1.752978 
869.950689 438.876397 175.958999 -1.950392 
869.049313 439.123594 175.962059 -1.950435 
868.073450 439.394952 166.223557 -1.754669 
867.029329 439.497475 163.306654 -1.629684 
866.970026 439.502913 163.316021 -1.631023 
865.920318 439.617893 166.526741 -1.776383 
864.972060 439.947020 178.944103 -2.056095 
864.193103 440.252392 172.485649 -2.223886 
863.806577 440.747723 172.615814 -2.224906 
863.032012 441.058047 180.297160 -2.074771 
862.137141 441.416569 166.216607 -1.888836 
861.863534 441.561587 165.483578 -1.872562 
860.945832 441.872305 177.072259 -1.971992 
860.054030 442.127483 177.056623 -1.971666 
859.132984 442.434503 165.521396 -1.867802 
858.866827 442.566787 165.580189 -1.869036 
857.948159 442.883571 178.022669 -1.989699 
857.084735 443.160016 179.082803 -2.057798 
855.918140 443.851565 180.298050 -2.074779 
855.081856 444.148431 180.297160 -2.074771 
853.915320 444.839538 178.961551 -2.056376 
853.047256 445.111954 176.960222 -1.970208 
852.073988 445.394182 166.263386 -1.756337 
851.029161 445.497385 163.311650 -1.629358 
850.970839 445.502615 163.311650 -1.629358 
849.926012 445.605818 166.263386 -1.756337 
848.952743 445.888039 176.959506 -1.970198 
848.084498 446.160247 178.939392 -2.056045 
846.915480 446.839728 178.943244 -2.056085 
846.047511 447.112108 177.055185 -1.971647 
845.082449 447.395374 166.526741 -1.776383 
843.918070 447.603823 166.481361 -1.774723 
842.950406 447.876245 176.055725 -1.951946 
842.049598 448.123760 176.056411 -1.951956 
841.082112 448.396321 166.485791 -1.775092 
839.912192 448.617340 166.856790 -1.796358 
838.971895 448.946883 179.060560 -2.057467 
838.193026 449.252433 172.460035 -2.223614 
837.806974 449.747567 172.460035 -2.223614 
837.028105 450.053117 179.060560 -2.057467 
836.087808 450.382660 166.856790 -1.796358 
834.917888 450.603680 166.485791 -1.775092 
833.950413 450.876252 176.053339 -1.951912 
833.049321 451.123614 175.962059 -1.950435 
832.072783 451.395078 166.183522 -1.752978 
831.017933 451.493132 163.541336 -1.607146 
830.001379 451.499851 163.433925 -1.573555 
828.998663 451.499851 163.433888 -1.568121 
827.983456 451.493508 163.525115 -1.537285 
826.939095 451.411916 165.210151 -1.424001 
825.950872 451.228858 167.156597 -1.359337 
825.000175 451.101397 163.421774 -1.572520 
824.055304 451.232988 167.561743 -1.803853 
823.121866 451.453951 163.878439 -1.833068 
822.877626 451.568953 164.942828 -1.847417 
821.948406 451.883662 177.918279 -1.988216 
821.084535 452.159777 179.057560 -2.057435 
819.915444 452.840202 179.062356 -2.057486 
819.052002 453.116677 178.040435 -1.990063 
818.137170 453.437416 165.509251 -1.874675 
817.861249 453.586900 166.176478 -1.894835 
816.977902 453.962933 178.663283 -2.108391 
816.298969 454.298203 161.859630 -2.357477 
815.968771 454.982175 177.235973 -2.622926 
815.619072 455.920113 166.231490 -2.934871 
815.509090 456.998980 163.411940 -3.139514 
815.605098 458.072445 166.140440 2.960159 
815.891944 459.046206 177.010997 2.737510 
816.177271 459.899707 177.781161 2.626729 
816.539956 460.307021 158.500105 2.553101 
817.012817 460.987926 180.663800 2.386030 
818.001693 461.998292 180.579201 2.351930 
819.044350 462.942362 172.431717 2.226634 
819.912798 463.324787 163.878003 1.833101 
821.051666 463.409560 164.323800 1.445309 
822.049739 463.125553 175.765532 1.193606 
822.946208 462.872506 176.948508 1.171542 
823.867047 462.565523 165.518979 1.273838 
824.133166 462.433204 165.579648 1.272568 
825.051843 462.116436 178.021920 1.151903 
825.915446 461.840199 179.060560 1.084126 
827.084502 461.160251 178.940251 1.085539 
827.952742 460.888039 176.959506 1.171395 
828.926012 460.605818 166.263386 1.385256 
829.970845 460.502618 163.311542 1.512246 
830.029136 460.497392 163.311167 1.512285 
831.073446 460.394949 166.223220 1.386935 
832.049325 460.123607 175.965119 1.191114 
832.950416 459.876256 176.052654 1.189690 
833.918076 459.603828 166.480988 1.366881 
835.081924 459.396172 166.480988 1.366881 
836.049583 459.123742 176.052654 1.189690 
836.950679 458.876386 175.962059 1.191157 
837.927217 458.604922 166.183522 1.388614 
838.982067 458.506868 163.541336 1.534446 
839.998554 458.500150 163.433987 1.567904 
841.001404 458.499851 163.433948 1.567987 
842.016544 458.493509 163.525115 1.537285 
843.060943 458.411938 165.212142 1.423920 
844.049532 458.227672 167.256455 1.356574 
845.003656 458.100532 163.541336 1.534446 
845.994025 458.196258 163.509022 1.601231 
847.025023 458.098972 168.563692 1.323159 
847.946926 457.863364 174.898792 1.200303 
848.868717 457.566374 165.377682 1.276812 
849.131957 457.434219 165.442302 1.275769 
850.054026 457.127496 177.051963 1.169989 
850.945969 456.872511 177.055904 1.169936 
851.867024 456.565506 165.520856 1.273801 
852.133148 456.433206 165.577763 1.272605 
853.051843 456.116899 177.918279 1.153376 
853.920992 455.843583 177.765351 1.103067 
855.092808 455.272943 167.182410 1.243034 
856.006284 455.107302 163.311059 1.512296 
856.994355 455.196546 163.488925 1.599510 
858.025029 455.098973 168.566168 1.323101 
858.946790 454.863156 174.914006 1.199951 
859.864997 454.562200 165.347753 1.271681 
860.136436 454.416651 166.142485 1.254342 
861.031880 454.057770 180.316436 1.066535 
861.803784 453.746538 172.887727 0.912021 
862.189549 453.238803 174.385979 0.899880 
862.939826 452.909479 183.868890 0.984122 
864.084375 452.151333 180.445363 1.062179 
864.918238 451.851853 180.320426 1.066495 
866.084680 451.160462 178.961621 1.085215 
866.952747 450.888038 176.957011 1.171428 
867.926654 450.605693 166.224730 1.386886 
868.981188 450.506811 163.540368 1.532672 
870.018812 450.493189 163.540368 1.532672 
871.073349 450.394300 166.225067 1.386875 
872.047169 450.111656 176.973278 1.171092 
872.912915 449.836709 179.071978 1.080854 
874.059918 449.090138 183.867870 0.984131 
874.807978 448.760193 174.637153 0.895607 
875.192022 448.239807 174.637153 0.895607 
875.940082 447.909862 183.867870 0.984131 
877.087109 447.163318 179.075864 1.080813 
877.952576 446.888205 177.072259 1.169601 
878.917548 446.604633 166.527117 1.365199 
880.081949 446.396173 166.483034 1.366821 
881.049579 446.123190 176.147398 1.188171 
881.945820 445.871762 176.976492 1.171049 
882.863557 445.561588 165.481169 1.269078 
883.137136 445.416553 166.216607 1.252756 
884.031871 445.057748 180.320426 1.066495 
884.803782 444.746535 172.887634 0.912021 
885.189546 444.238804 174.384834 0.899889 
885.939964 443.909626 183.840851 0.984432 
887.087107 443.163317 179.075793 1.080814 
887.952576 442.888205 177.072259 1.169601 
888.917548 442.604633 166.527117 1.365199 
890.081949 442.396173 166.483034 1.366821 
891.049579 442.123190 176.147398 1.188171 
891.945820 441.871762 176.976492 1.171049 
892.863559 441.561591 165.481124 1.269079 
893.137133 441.416561 166.216030 1.252767 
894.032012 441.058048 180.297160 1.066822 
894.806575 440.747725 172.616936 0.916678 
895.193178 440.252470 172.490667 0.917669 
895.971898 439.946889 179.061422 1.084117 
896.912187 439.617336 166.857202 1.345224 
898.082636 439.395522 166.531650 1.364830 
899.047514 439.112113 177.055904 1.169936 
899.915476 438.839724 178.944103 1.085498 
901.084552 438.159795 179.061422 1.084117 
901.948019 437.883360 178.040093 1.151562 
902.863078 437.562586 165.553823 1.267433 
903.137401 437.416849 166.227998 1.252392 
904.032014 437.058051 180.298050 1.066813 
904.806575 436.747724 172.616936 0.916678 
905.193178 436.252470 172.490667 0.917669 
905.971898 435.946889 179.061422 1.084117 
906.912187 435.617336 166.857202 1.345224 
908.082636 435.395522 166.531650 1.364830 
909.047512 435.112106 177.056623 1.169927 
909.915299 434.839513 178.965405 1.085175 
911.081856 434.148431 180.297160 1.066822 
911.918140 433.851565 180.298050 1.066813 
913.084735 433.160016 179.082803 1.083794 
913.948159 432.883571 178.022669 1.151894 
914.866827 432.566787 165.580189 1.272557 
915.132983 432.434503 165.521396 1.273790 
916.054031 432.127490 177.055904 1.169936 
916.945972 431.872515 177.055185 1.169946 
917.867293 431.565814 165.510763 1.274168 
918.132691 431.434189 165.508888 1.274205 
919.054027 431.128015 176.956295 1.171438 
919.950689 430.876952 176.055725 1.189646 
920.926535 430.605056 166.224730 1.386886 
921.970869 430.502611 163.311059 1.512296 
922.029131 430.497389 163.311059 1.512296 
923.073465 430.394944 166.224730 1.386886 
924.049311 430.123048 176.055725 1.189646 
924.945973 429.871985 176.956295 1.171438 
925.867317 429.565820 165.508349 1.274216 
926.132683 429.434180 165.508349 1.274216 
927.054027 429.128015 176.956295 1.171438 
927.950689 428.876952 176.055725 1.189646 
928.926535 428.605056 166.224730 1.386886 
929.970869 428.502611 163.311059 1.512296 
930.029131 428.497389 163.311059 1.512296 
931.073465 428.394944 166.224730 1.386886 
932.049311 428.123048 176.055725 1.189646 
932.945969 427.871980 176.957011 1.171428 
933.867040 427.565500 165.519023 1.273837 
934.133168 427.433196 165.580189 1.272557 
935.051754 427.116130 178.040093 1.151562 
935.912856 426.837157 179.194339 1.079436 
937.059919 426.090138 183.868974 0.984122 
937.807945 425.760166 174.638944 0.895578 
938.191929 425.239539 174.670124 0.895297 
938.937909 424.907493 184.084760 0.979660 
940.062090 424.092506 184.084844 0.979659 
940.808038 423.760435 174.671919 0.895268 
941.191961 423.239564 174.672010 0.895267 
941.937884 422.907461 184.086112 0.979631 
943.060344 422.089097 184.278025 0.975477 
943.789430 421.751236 174.215639 0.868358 
944.158830 421.167162 181.020398 0.810951 
944.822114 420.822115 180.287728 0.785398 
945.167156 420.158816 181.018284 0.759819 
945.750967 419.789329 174.182413 0.702141 
946.086873 419.058313 184.085986 0.591166 
946.848620 417.915593 180.446273 0.508648 
947.148149 417.081766 180.321390 0.504311 
947.839983 415.915264 179.082874 0.487003 
948.116429 415.051841 178.022669 0.418903 
948.433204 414.133165 165.579648 0.298229 
948.565503 413.867041 165.518979 0.296958 
948.871981 412.945970 176.957011 0.399368 
949.123056 412.049308 176.052654 0.381106 
949.395073 411.072802 166.185019 0.182231 
949.493132 410.017933 163.541336 0.036350 
949.499850 409.001427 163.433969 0.002854 
949.499871 408.000275 163.423228 0.000551 
949.496429 407.003513 163.081040 0.007077 
949.477016 406.024132 158.815223 0.050547 
949.520258 405.910750 156.503136 0.183935 
949.940116 404.958499 139.086073 0.606031 
950.977818 404.274991 154.362925 1.651286 
951.950671 404.407450 163.875054 1.691277 
952.983671 404.493109 163.489219 1.603898 
954.018691 404.506790 163.538833 1.608674 
955.072802 404.604930 166.185019 1.753027 
956.049310 404.876399 175.958999 1.950392 
956.950690 405.123601 175.958999 1.950392 
957.927198 405.395070 166.185019 1.753027 
958.981213 405.493194 163.540053 1.608870 
960.018818 405.506813 163.540444 1.608933 
961.073472 405.605924 166.227286 1.755121 
962.046129 405.892297 176.980660 1.975453 
962.899185 406.176508 177.193755 2.089741 
963.310590 406.571121 157.411100 2.197574 
963.923664 407.063024 171.909332 2.451433 
964.305046 407.897669 166.164160 2.817928 
964.602000 409.084423 166.374340 2.932572 
964.876057 410.049714 176.068578 2.760137 
965.123607 410.950680 175.962742 2.761944 
965.395079 411.927217 166.183522 2.959411 
965.493139 412.982108 163.540842 3.105326 
965.499732 414.000000 163.433303 3.141593 
965.493140 415.017892 163.540842 -3.105326 
965.395073 416.072802 166.185019 -2.959362 
965.123055 417.049308 176.052654 -2.760486 
964.871987 417.945974 176.956295 -2.742234 
964.565811 418.867309 165.508888 -2.845001 
964.434186 419.132707 165.510763 -2.844964 
964.127485 420.054028 177.055185 -2.740742 
963.872510 420.945969 177.055904 -2.740732 
963.565497 421.867017 165.521396 -2.844587 
963.433213 422.133173 165.580189 -2.843353 
963.116436 423.051843 178.021920 -2.722699 
962.840199 423.915446 179.060560 -2.654922 
962.160276 425.084524 178.944103 -2.656294 
961.887892 425.952489 177.055185 -2.740742 
961.604626 426.917551 166.526741 -2.936006 
961.396173 428.081949 166.483034 -2.937618 
961.123197 429.049580 176.146710 -2.758977 
960.871972 429.945961 176.959506 -2.742191 
960.565818 430.867317 165.508349 -2.845012 
960.434182 431.132683 165.508349 -2.845012 
960.128028 432.054039 176.959506 -2.742191 
959.876803 432.950419 176.146710 -2.758977 
959.603831 433.918056 166.482661 -2.937628 
959.396173 435.081924 166.480988 -2.937677 
959.123755 436.049594 176.055725 -2.760443 
958.876245 436.950406 176.055725 -2.760443 
958.603827 437.918076 166.480988 -2.937677 
958.396172 439.081924 166.480988 -2.937677 
958.123742 440.049583 176.052654 -2.760486 
957.876386 440.950679 175.962059 -2.761954 
957.604929 441.927198 166.185019 -2.959362 
957.506804 442.981238 163.539739 -3.103569 
957.493570 444.017440 163.523512 -3.106274 
957.411221 445.061992 165.279957 -2.991968 
957.212228 446.053287 168.506278 -2.895593 
957.047991 447.008844 166.185019 -2.959362 
956.951605 447.991003 166.221710 -2.957780 
956.783970 448.941225 168.970027 -2.875955 
956.549561 449.888482 163.474945 -2.898897 
956.450858 450.111111 163.419692 -2.899965 
956.232819 451.054867 167.509834 -2.910151 
956.101389 452.000170 163.421760 -3.139919 
956.228858 452.950872 167.156597 2.930134 
956.411916 453.939095 165.210151 2.994798 
956.493508 454.983456 163.525115 3.108081 
956.499851 455.998596 163.433948 3.138783 
956.500150 457.001446 163.433987 3.138700 
956.506868 458.017933 163.541336 3.105243 
956.604922 459.072783 166.183522 2.959411 
956.876404 460.049308 175.958999 2.761997 
957.123678 460.950670 175.953954 2.762069 
957.395845 461.928201 166.100000 2.962161 
957.490865 462.999959 163.433304 3.141509 
957.395723 464.070633 166.016283 -2.964962 
957.130656 465.047140 173.732853 -2.795332 
956.903833 465.981428 166.044180 -2.950816 
956.983537 467.005556 167.045334 2.816101 
957.254451 467.814608 169.159610 2.511932 
957.757280 468.185715 172.487296 2.488472 
958.093055 468.937690 183.890690 2.551559 
958.926738 470.052784 182.949720 2.517250 
959.287010 470.702716 163.997717 2.338613 
959.982250 471.031339 177.758177 2.086127 
960.919455 471.379870 166.371636 1.779736 
961.982459 471.493056 163.516803 1.606357 
963.017541 471.493056 163.516803 1.535236 
964.080546 471.379871 166.371515 1.361856 
965.017755 471.031346 177.754593 1.055442 
965.712844 470.702744 163.958132 0.802678 
966.071010 470.050683 182.706792 0.619894 
966.836345 468.912612 179.043921 0.490456 
967.111613 468.047155 176.973510 0.399736 
967.394334 467.073303 166.221096 0.183793 
967.493233 466.016560 163.525392 0.033562 
967.493239 464.983465 163.525115 -0.033511 
967.395106 463.927245 166.181056 -0.182101 
967.123616 462.950678 175.962059 -0.379639 
966.876258 462.049583 176.052654 -0.381106 
966.603828 461.081924 166.480988 -0.203916 
966.396169 459.918056 166.482661 -0.203964 
966.123197 458.950419 176.146710 -0.382616 
965.871972 458.054039 176.959506 -0.399402 
965.565818 457.132683 165.508349 -0.296581 
965.434180 456.867317 165.508349 -0.296581 
965.128013 455.945974 176.956295 -0.399359 
964.876942 455.049309 176.052654 -0.381106 
964.604899 454.072774 166.182552 -0.182150 
964.506761 453.016535 163.525115 -0.033511 
964.506767 451.983440 163.525392 0.033562 
964.605658 450.926700 166.220731 0.183781 
964.888035 449.952745 176.957011 0.399368 
965.160460 449.084679 178.961551 0.485580 
965.851574 447.918145 180.298050 0.503983 
966.148632 447.082030 180.320426 0.504301 
966.851368 445.917970 180.320426 0.504301 
967.148426 445.081855 180.298050 0.503983 
967.839538 443.915320 178.961551 0.485580 
968.111954 443.047256 176.960222 0.399411 
968.394182 442.073988 166.263386 0.185540 
968.497385 441.029161 163.311650 0.058562 
968.502615 440.970839 163.311650 0.058562 
968.605824 439.926009 166.263726 0.185551 
968.888352 438.952829 176.976492 0.399747 
969.163291 438.087085 179.071907 0.489942 
969.909626 436.939964 183.840851 0.586365 
970.238804 436.189546 174.384834 0.670908 
970.746534 435.803781 172.887634 0.658775 
971.057752 435.031874 180.321317 0.504310 
971.416841 434.137404 166.228575 0.318414 
971.562582 433.863077 165.553868 0.303364 
971.883360 432.948019 178.040093 0.419234 
972.159795 432.084552 179.061422 0.486680 
972.839751 430.915499 178.940251 0.485257 
973.111970 430.047255 176.956295 0.399359 
973.394314 429.073327 166.223220 0.183862 
973.493125 428.017983 163.541937 0.036451 
973.499982 427.002283 163.423235 0.004566 
973.500018 426.997717 163.423235 0.004566 
973.506870 425.982042 163.541637 0.036400 
973.604922 424.927217 166.183522 0.182182 
973.876386 423.950679 175.962059 0.379639 
974.123742 423.049583 176.052654 0.381106 
974.396172 422.081924 166.480988 0.203916 
974.603831 420.918056 166.482661 0.203964 
974.876803 419.950419 176.146710 0.382616 
975.128028 419.054039 176.959506 0.399402 
975.434182 418.132683 165.508349 0.296581 
975.565820 417.867317 165.508349 0.296581 
975.871985 416.945973 176.956295 0.399359 
976.123048 416.049311 176.055725 0.381150 
976.394944 415.073465 166.224730 0.183910 
976.497389 414.029131 163.311059 0.058500 
976.502612 413.970870 163.311059 0.058500 
976.605141 412.926604 166.220731 0.183781 
976.877561 411.951496 175.790462 0.377185 
977.124787 411.045239 173.841557 0.347791 
977.382645 409.999340 163.421774 -0.001724 
977.113029 408.956418 174.731155 -0.368016 
976.841647 408.083026 178.719388 -0.482909 
976.158320 406.916991 178.719385 -0.482909 
975.886825 406.043631 174.727265 -0.367960 
975.616910 404.999836 163.394514 0.000428 
975.889724 403.956781 174.667435 0.373514 
976.167193 403.095178 176.723188 0.517516 
976.557141 402.669359 154.541499 0.641324 
977.054875 402.070477 168.017410 0.909225 
977.958694 401.658903 159.089899 1.450285 
979.043067 401.874336 172.317016 1.900967 
979.948756 402.122747 176.655857 1.966279 
980.867557 402.433576 165.502496 1.867261 
981.132664 402.565760 165.504369 1.867298 
982.054029 402.872512 177.055185 1.971647 
982.945969 403.127490 177.055904 1.971656 
983.867017 403.434503 165.521396 1.867802 
984.133173 403.566787 165.580189 1.869036 
985.051840 403.883572 178.022731 1.989700 
985.915233 404.160065 179.083596 2.057829 
987.080568 404.855508 180.447170 2.079453 
987.902197 405.165425 179.216308 2.104735 
988.309800 405.545691 158.912872 2.169282 
988.977437 406.022743 180.625898 2.352213 
989.467834 406.660082 158.093195 2.513251 
989.898709 407.072404 183.444680 2.521000 
990.244440 407.791305 174.495945 2.434915 
990.832365 408.159271 181.018280 2.381774 
991.176574 408.824984 180.628589 2.360626 
991.823405 409.175028 180.626261 2.360652 
992.167473 409.841043 181.018292 2.382278 
992.750975 410.210648 174.183881 2.439488 
993.086731 410.941820 184.058758 2.550728 
993.837107 412.087176 179.195084 2.650202 
994.116133 412.948243 178.040904 2.722348 
994.433511 413.866556 165.590923 2.842976 
994.566478 414.133443 165.590425 2.842986 
994.883566 415.051845 178.023419 2.722680 
995.160016 415.915265 179.082803 2.654591 
995.851570 417.081859 180.298940 2.637601 
996.148632 417.917970 180.320426 2.637291 
996.851373 419.082029 180.321317 2.637283 
997.148627 419.917971 180.321317 2.637283 
997.851373 421.082029 180.321317 2.637283 
998.148629 421.917970 180.321390 2.637282 
998.851652 423.081937 180.343712 2.636965 
999.151329 423.915625 180.446334 2.632965 
999.909716 425.060055 183.896010 2.554617 
1000.239832 425.807943 174.640096 2.466366 
1000.760460 426.191930 174.670218 2.466093 
1001.092507 426.937909 184.084762 2.550456 
1001.907532 428.062068 184.086112 2.550427 
1002.239880 428.807592 174.662478 2.465573 
1002.764598 429.190293 174.929497 2.461767 
1003.104657 429.925852 183.235083 2.525196 
1003.532220 430.339109 158.120246 2.514328 
1004.021064 430.978936 180.956713 2.356194 
1004.660950 431.467731 158.118707 2.198028 
1005.074261 431.895116 183.205280 2.186887 
1005.812298 432.234394 174.640098 2.246023 
1006.196330 432.745988 172.720408 2.228803 
1006.972063 433.052751 179.084458 2.057838 
1007.912005 433.382789 166.863440 1.796749 
1009.088081 433.617475 166.869152 1.797114 
1010.026106 433.951218 179.195137 2.062165 
1010.785506 434.263020 172.200890 2.254920 
1011.158851 434.829740 180.321046 2.321542 
1011.841108 435.170212 180.355596 2.321814 
1012.214953 435.737106 172.365801 2.256201 
1012.969843 436.054047 180.468903 2.079740 
1013.859137 436.420108 166.219322 1.894317 
1014.140842 436.579477 166.206932 1.893976 
1015.032138 436.941769 180.320499 2.075098 
1015.806575 437.252275 172.616936 2.224914 
1016.193101 437.747611 172.485741 2.223887 
1016.972055 438.052996 178.940251 2.056054 
1017.920929 438.382280 166.482661 1.774761 
1018.980370 438.492977 163.539256 1.610594 
1020.018793 438.506805 163.540123 1.608882 
1021.072821 438.604934 166.186515 1.753076 
1022.049308 438.876945 176.052654 1.951903 
1022.945970 439.128019 176.957011 1.970165 
1023.867041 439.434497 165.518979 1.867755 
1024.133165 439.566796 165.579648 1.869025 
1025.051841 439.883571 178.022669 1.989699 
1025.915265 440.160016 179.082803 2.057798 
1027.081858 440.851571 180.298940 2.074788 
1027.917973 441.148629 180.319536 2.075089 
1029.081778 441.851310 180.188224 2.073631 
1029.922911 442.147029 178.719317 2.053704 
1031.088467 442.719248 165.514529 1.876055 
1031.982561 442.823069 158.299811 1.472550 
1032.742863 442.567275 154.208067 1.034632 
1033.115655 442.141136 171.487810 0.884306 
1033.743356 441.781369 169.394820 0.705588 
1034.054862 441.030881 179.845484 0.512676 
1034.416316 440.137466 166.182964 0.318924 
1034.561786 439.863593 165.476420 0.301772 
1034.871968 438.945924 176.967957 0.399635 
1035.124117 438.049374 175.877373 0.378611 
1035.402437 437.058682 165.141600 0.144797 
1035.388490 435.931781 165.243392 -0.173828 
1035.033008 434.981403 177.526274 -0.513077 
1034.703582 434.286309 163.949999 -0.768051 
1034.050976 433.928630 182.730001 -0.950570 
1032.915326 433.151687 180.419101 -1.061666 
1032.081750 432.851889 180.322140 -1.066455 
1030.915264 432.160018 179.082876 -1.083793 
1030.051841 431.883571 178.022669 -1.151894 
1029.133165 431.566796 165.579648 -1.272568 
1028.867041 431.434497 165.518979 -1.273838 
1027.945970 431.128019 176.957011 -1.171428 
1027.049308 430.876945 176.052654 -1.189690 
1026.072821 430.604934 166.186515 -1.388517 
1025.018787 430.506806 163.540053 -1.532722 
1023.981188 430.493189 163.540368 -1.532672 
1022.926654 430.394306 166.224730 -1.386886 
1021.952745 430.111969 176.956295 -1.171438 
1021.084497 429.839755 178.939392 -1.085548 
1019.915480 429.160272 178.943244 -1.085507 
1019.047514 428.887887 177.055904 -1.169936 
1018.082637 428.604476 166.531681 -1.364829 
1016.912097 428.382392 166.863406 -1.344845 
1015.973925 428.048722 179.195084 -1.079406 
1015.215010 427.736631 172.193934 -0.886145 
1014.842683 427.167163 180.670158 -0.815730 
1014.175328 426.823172 180.587389 -0.789658 
1013.826518 426.173657 180.958982 -0.785902 
1013.173755 425.826235 180.958959 -0.785426 
1012.826256 425.173745 180.961307 -0.785399 
1012.173745 424.826255 180.961304 -0.785398 
1011.826255 424.173744 180.961311 -0.785397 
1011.173764 423.826245 180.959066 -0.785371 
1010.826345 423.173489 180.961328 -0.784921 
1010.176690 422.824711 180.625898 -0.781417 
1009.832548 422.158945 181.020511 -0.759342 
1009.249026 421.789347 174.185053 -0.702114 
1008.913125 421.058314 184.086028 -0.591165 
1008.151380 419.915593 180.446273 -0.508648 
1007.851851 419.081766 180.321390 -0.504311 
1007.160018 417.915264 179.082874 -0.487003 
1006.883566 417.051845 178.023419 -0.418912 
1006.566481 416.133441 165.590381 -0.298606 
1006.433519 415.866559 165.590381 -0.298606 
1006.116441 414.948154 178.022669 -0.418903 
1005.840194 414.084558 179.061422 -0.486680 
1005.159805 412.915442 179.061422 -0.486680 
1004.883564 412.051843 178.021920 -0.418893 
1004.566787 411.133173 165.580189 -0.298239 
1004.434503 410.867016 165.521396 -0.297006 
1004.127483 409.945970 177.056623 -0.400870 
1003.872304 409.054169 177.072318 -0.401196 
1003.561510 408.136505 165.483358 -0.301798 
1003.416230 407.862797 166.228622 -0.318415 
1003.053810 406.969996 180.446271 -0.508648 
1002.736759 406.215464 172.357911 -0.685923 
1002.167137 405.842628 180.703981 -0.755315 
1001.823264 405.175072 180.589073 -0.780668 
1001.176595 404.824982 180.624145 -0.780913 
1000.832520 404.158971 181.020407 -0.759341 
1000.248755 403.789450 174.218391 -0.702411 
999.910869 403.060371 184.279350 -0.595347 
999.089170 401.939607 184.278068 -0.595318 
998.751521 401.210108 174.225532 -0.701920 
998.170392 400.839545 180.708281 -0.755370 
997.829425 400.160772 180.703610 -0.755821 
997.244175 399.791739 174.502752 -0.706185 
996.898666 399.072426 183.446268 -0.620541 
996.468310 398.660122 158.106718 -0.627802 
995.978945 398.021056 180.959062 -0.785425 
995.339109 397.532219 158.120281 -0.943533 
994.925851 397.104658 183.234999 -0.954400 
994.190262 396.764622 174.927778 -0.891000 
993.807497 396.240148 174.630632 -0.895078 
993.060033 395.909755 183.897256 -0.983793 
991.915625 395.151329 180.446336 -1.062169 
991.081937 394.851652 180.343712 -1.066168 
989.917970 394.148629 180.321390 -1.066485 
989.082029 393.851373 180.321317 -1.066486 
987.917970 393.148632 180.320426 -1.066495 
987.081855 392.851574 180.298050 -1.066813 
985.915311 392.160480 178.961413 -1.085216 
985.047148 391.888303 176.958383 -1.171381 
984.073454 391.608690 166.253186 -1.385244 
983.028626 391.511845 163.282678 -1.512223 
981.919851 391.421205 164.417446 -1.382759 
980.922382 391.186169 171.341431 -1.175786 
979.988844 391.025830 166.293185 -1.163095 
979.007692 390.962692 152.460685 -1.367461 
978.003792 390.946167 148.286438 -1.500478 
977.018526 390.886406 141.687002 -1.409132 
976.204004 390.561936 114.610002 -1.134968 
976.204004 388.438064 114.610002 1.134968 
977.018526 388.113594 141.687002 1.409132 
978.003792 388.053833 148.286438 1.500478 
979.007697 388.037320 152.462352 1.367408 
979.988822 387.974232 166.394086 1.161513 
980.917133 387.812007 172.385013 1.155620 
981.857974 387.544792 163.737246 1.268365 
982.128959 387.419153 165.487290 1.272321 
983.049547 387.111149 178.005163 1.151462 
983.911709 386.835047 179.165953 1.079350 
985.059889 386.090092 183.868974 0.984122 
985.807941 385.760161 174.638947 0.895578 
986.191929 385.239539 174.670218 0.895297 
986.937883 384.907460 184.086025 0.979631 
988.060368 384.089138 184.276776 0.975506 
988.789894 383.751522 174.225452 0.868879 
989.160467 383.170415 180.706180 0.815453 
989.839533 382.829585 180.706183 0.815453 
990.210106 382.248477 174.225550 0.868878 
990.939607 381.910830 184.278066 0.975478 
992.060371 381.089131 184.279350 0.975450 
992.789450 380.751245 174.218394 0.868386 
993.158971 380.167479 181.020511 0.811454 
993.824973 379.823406 180.626368 0.789856 
994.175027 379.176594 180.626368 0.789856 
994.841029 378.832521 181.020511 0.811454 
995.210550 378.248755 174.218394 0.868386 
995.939629 377.910869 184.279353 0.975450 
997.060371 377.089131 184.279355 0.975450 
997.789448 376.751244 174.218372 0.868384 
998.158959 376.167457 181.022624 0.811426 
998.824694 375.823302 180.623740 0.789352 
999.173364 375.173364 180.961307 0.785398 
999.823302 374.824694 180.623633 0.781444 
1000.167451 374.158945 181.020402 0.759343 
1000.750973 373.789350 174.183859 0.702106 
1001.086731 373.058180 184.058760 0.590865 
1001.837113 371.912825 179.195954 0.491399 
1002.116334 371.051892 178.058411 0.419577 
1002.437482 370.136965 165.554059 0.303408 
1002.583514 369.862529 166.239809 0.318813 
1002.946622 368.970203 180.419999 0.509140 
1003.264140 368.218075 171.909332 0.690160 
1003.849073 367.848989 180.248912 0.785677 
1004.217528 367.264184 171.740622 0.881952 
1004.974291 366.951853 179.044055 1.080341 
1005.920839 366.617986 166.484922 1.366467 
1006.981217 366.507080 163.540129 1.532710 
1007.998554 366.500151 163.433987 1.567904 
1008.999958 366.500000 163.433304 1.570713 
1010.000000 366.500000 163.433303 1.570796 
1011.000000 366.500000 163.433303 1.570796 
1012.000042 366.500000 163.433304 1.570880 
1013.001421 366.500150 163.433963 1.573638 
1014.017933 366.506868 163.541336 1.607146 
1015.072783 366.604923 166.183522 1.752978 
1016.049308 366.876403 175.958999 1.950392 
1016.950684 367.123617 175.958999 1.950392 
1017.927196 367.395084 166.185019 1.753027 
1018.981213 367.493196 163.540049 1.608870 
1020.018787 367.506808 163.540053 1.608870 
1021.072796 367.604962 166.185019 1.753027 
1022.049280 367.876474 175.958999 1.950392 
1022.950656 368.123687 175.958995 1.950392 
1023.927207 368.395133 166.183369 1.752978 
1024.982041 368.493161 163.539640 1.607197 
1026.002282 368.500136 163.423235 1.575362 
1027.017948 368.507142 163.541637 1.607197 
1028.072725 368.605235 166.183518 1.752978 
1029.049198 368.876696 175.961914 1.950435 
1029.950165 369.124369 176.050799 1.951907 
1030.917951 369.396751 166.470945 1.774724 
1032.081876 369.604062 166.480988 1.774712 
1033.049532 369.876402 176.055725 1.951946 
1033.950364 370.123860 176.055721 1.951946 
1034.918064 370.396230 166.480836 1.774712 
1036.081937 370.603865 166.482661 1.774761 
1037.049550 370.876878 176.146710 1.953412 
1037.945926 371.128110 176.959502 1.970198 
1038.867297 371.434230 165.508739 1.867388 
1039.132705 371.565820 165.510763 1.867425 
1040.054017 371.872540 177.055185 1.971647 
1040.945954 372.127529 177.055185 1.971647 
1041.867280 372.434212 165.511301 1.867435 
1042.132715 372.565805 165.511301 1.867435 
1043.054028 372.872515 177.055185 1.971647 
1043.945972 373.127485 177.055185 1.971647 
1044.867293 373.434186 165.510763 1.867425 
1045.132691 373.565809 165.508888 1.867388 
1046.054039 373.871972 176.959506 1.970198 
1046.950419 374.123197 176.146710 1.953412 
1047.918056 374.396169 166.482661 1.774761 
1049.081924 374.603828 166.480988 1.774712 
1050.049583 374.876258 176.052654 1.951903 
1050.950679 375.123614 175.962059 1.950435 
1051.927198 375.395071 166.185019 1.753027 
1052.981213 375.493194 163.540053 1.608870 
1054.018787 375.506806 163.540053 1.608870 
1055.072802 375.604930 166.185019 1.753027 
1056.049310 375.876399 175.958999 1.950392 
1056.950690 376.123602 175.958999 1.950392 
1057.927217 376.395078 166.183522 1.752978 
1058.982067 376.493132 163.541336 1.607146 
1059.998579 376.499850 163.433963 1.573638 
1060.999958 376.500000 163.433304 1.570880 
1062.000000 376.500000 163.433303 1.570796 
1063.000042 376.500000 163.433304 1.570880 
1064.001421 376.500150 163.433963 1.573638 
1065.017892 376.506869 163.540842 1.607063 
1066.071671 376.604863 166.100000 1.750228 
1067.048021 376.867558 173.844372 1.918632 
1067.979177 377.096980 167.158330 1.782304 
1069.020823 377.096980 167.158330 1.359289 
1069.951979 376.867558 173.844372 1.222961 
1070.928329 376.604863 166.100000 1.391364 
1071.982108 376.506869 163.540842 1.534530 
1072.998554 376.500150 163.433987 1.567904 
1074.001471 376.499849 163.434007 1.567853 
1075.018783 376.492927 163.539828 1.532709 
1076.079208 376.382200 166.478433 1.366448 
1077.026443 376.049494 178.985011 1.080113 
1077.785888 375.740575 171.518808 0.880798 
1078.160533 375.154906 177.637734 0.767559 
1078.746995 374.803540 167.840482 0.660250 
1079.007082 374.002273 165.439207 0.310537 
1079.007082 372.997727 165.439207 -0.310537 
1078.746995 372.196460 167.840482 -0.660250 
1078.160533 371.845094 177.637734 -0.767559 
1077.785888 371.259425 171.518808 -0.880798 
1077.026443 370.950506 178.985011 -1.080113 
1076.079208 370.617800 166.478433 -1.366448 
1075.018808 370.507076 163.540143 -1.532659 
1074.002308 370.500019 163.423268 -1.566180 
1073.997711 370.499982 163.423243 -1.566219 
1072.982042 370.493130 163.541637 -1.534396 
1071.927217 370.395078 166.183522 -1.388614 
1070.950690 370.123602 175.958999 -1.191201 
1070.049310 369.876398 175.958999 -1.191201 
1069.072783 369.604922 166.183522 -1.388614 
1068.017933 369.506868 163.541336 -1.534446 
1067.001421 369.500150 163.433963 -1.567954 
1066.000042 369.500000 163.433304 -1.570713 
1065.000000 369.500000 163.433303 -1.570796 
1064.000000 369.500000 163.433303 -1.570796 
1062.999958 369.500000 163.433304 -1.570713 
1061.998579 369.499850 163.433963 -1.567954 
1060.982067 369.493132 163.541336 -1.534446 
1059.927217 369.395078 166.183522 -1.388614 
1058.950690 369.123602 175.958999 -1.191201 
1058.049310 368.876399 175.958999 -1.191201 
1057.072802 368.604930 166.185019 -1.388565 
1056.018787 368.506806 163.540053 -1.532722 
1054.981213 368.493194 163.540053 -1.532722 
1053.927198 368.395071 166.185019 -1.388565 
1052.950679 368.123614 175.962059 -1.191157 
1052.049583 367.876258 176.052654 -1.189690 
1051.081924 367.603828 166.480988 -1.366881 
1049.918076 367.396172 166.480988 -1.366881 
1048.950417 367.123742 176.052654 -1.189690 
1048.049321 366.876386 175.962059 -1.191157 
1047.072783 366.604922 166.183522 -1.388614 
1046.017958 366.506870 163.541637 -1.534396 
1045.002283 366.500018 163.423235 -1.566230 
1044.997717 366.499982 163.423235 -1.566230 
1043.982042 366.493130 163.541637 -1.534396 
1042.927218 366.395074 166.183522 -1.388614 
1041.950689 366.123589 175.962059 -1.191157 
1041.049604 365.876205 176.052650 -1.189690 
1040.081934 365.603780 166.480836 -1.366880 
1038.918083 365.396138 166.480988 -1.366881 
1037.950447 365.123668 176.052654 -1.189690 
1037.049355 364.876301 175.962055 -1.191157 
1036.072812 364.604874 166.184866 -1.388565 
1035.018788 364.506775 163.538056 -1.532722 
1033.981218 364.493073 163.540053 -1.532722 
1032.927244 364.394823 166.185014 -1.388565 
1031.950811 364.123298 175.958854 -1.191201 
1031.049564 363.875779 175.960203 -1.191153 
1030.073558 363.604469 166.213136 -1.386923 
1029.029152 363.502320 163.287229 -1.512288 
1028.970886 363.497114 163.311059 -1.512296 
1027.926611 363.394647 166.223220 -1.386935 
1026.950740 363.123444 175.965119 -1.191114 
1026.049626 362.876151 176.052650 -1.189690 
1025.081936 362.603771 166.480836 -1.366880 
1023.918082 362.396139 166.480988 -1.366881 
1022.950435 362.123681 176.055725 -1.189646 
1022.049626 361.876167 176.055725 -1.189646 
1021.081932 361.603793 166.480988 -1.366881 
1019.918076 361.396171 166.480988 -1.366881 
1018.950419 361.123738 176.052654 -1.189690 
1018.049328 360.876370 175.962059 -1.191157 
1017.072786 360.604908 166.183522 -1.388614 
1016.017933 360.506866 163.541336 -1.534446 
1015.001421 360.500150 163.433963 -1.567954 
1014.000067 360.500000 163.433305 -1.570662 
1013.999933 360.500000 163.433305 -1.570662 
1012.998579 360.499850 163.433963 -1.567954 
1011.982067 360.493132 163.541336 -1.534446 
1010.927217 360.395078 166.183522 -1.388614 
1009.950690 360.123602 175.958999 -1.191201 
1009.049310 359.876399 175.958999 -1.191201 
1008.072802 359.604930 166.185019 -1.388565 
1007.018793 359.506805 163.540123 -1.532711 
1005.980364 359.492975 163.539336 -1.530986 
1004.920821 359.382005 166.486597 -1.366419 
1003.974291 359.048146 179.044055 -1.080341 
1003.217528 358.735816 171.740622 -0.881952 
1002.849073 358.151011 180.248912 -0.785677 
1002.264140 357.781925 171.909332 -0.690160 
1001.946624 357.029795 180.419101 -0.509131 
1001.583795 356.137183 166.225183 -0.318391 
1001.438275 355.863622 165.476755 -0.301673 
1001.126645 354.946867 176.789915 -0.397241 
1000.875417 354.045177 173.822186 -0.347881 
1000.620801 352.991476 163.062932 0.022476 
1000.951534 351.975946 176.326177 0.460695 
1001.258922 351.212175 171.487810 0.686491 
1001.846714 350.848357 180.395244 0.780010 
1002.213096 350.249747 173.742074 0.864419 
1002.941846 349.913456 184.064685 0.979141 
1004.084314 349.151097 180.469752 1.061821 
1004.915719 348.848952 180.469053 1.061851 
1006.060057 348.090286 183.896010 0.983821 
1006.807974 347.760193 174.638400 0.895598 
1007.192026 347.239807 174.638400 0.895598 
1007.939944 346.909715 183.895926 0.983822 
1009.084375 346.151329 180.446334 1.062169 
1009.918063 345.851652 180.343712 1.066168 
1011.082030 345.148629 180.321390 1.066485 
1011.917970 344.851371 180.321390 1.066485 
1013.081937 344.148348 180.343712 1.066168 
1013.915625 343.848671 180.446334 1.062169 
1015.060056 343.090285 183.895926 0.983822 
1015.807975 342.760193 174.638305 0.895599 
1016.192023 342.239808 174.637248 0.895607 
1016.940080 341.909860 183.868890 0.984122 
1018.087142 341.162838 179.195209 1.079427 
1018.948108 340.883666 178.058286 1.151221 
1019.863074 340.562591 165.554419 1.267421 
1020.137405 340.416844 166.228622 1.252381 
1021.031873 340.057750 180.321390 1.066485 
1021.803745 339.746504 172.889340 0.911991 
1022.189456 339.238537 174.417572 0.899577 
1022.937792 338.907258 184.057494 0.979959 
1024.062090 338.092506 184.084676 0.979660 
1024.808070 337.760460 174.670218 0.895297 
1025.192057 337.239833 174.640096 0.895569 
1025.939944 336.909715 183.896094 0.983820 
1027.084282 336.151049 180.468977 1.061852 
1027.915718 335.848951 180.468977 1.061852 
1029.060056 335.090285 183.896094 0.983820 
1029.807943 334.760168 174.640096 0.895569 
1030.191930 334.239540 174.670218 0.895297 
1030.937909 333.907493 184.084760 0.979660 
1032.062090 333.092506 184.084844 0.979659 
1032.808038 332.760435 174.671916 0.895268 
1033.191962 332.239565 174.671916 0.895268 
1033.937910 331.907494 184.084844 0.979659 
1035.062090 331.092506 184.084844 0.979659 
1035.808038 330.760435 174.671916 0.895268 
1036.191962 330.239565 174.671916 0.895268 
1036.937910 329.907494 184.084844 0.979659 
1038.062090 329.092506 184.084844 0.979659 
1038.808038 328.760435 174.671916 0.895268 
1039.191962 328.239565 174.671916 0.895268 
1039.937910 327.907494 184.084844 0.979659 
1041.062091 327.092507 184.084760 0.979660 
1041.808070 326.760460 174.670218 0.895297 
1042.192057 326.239833 174.640096 0.895569 
1042.939944 325.909715 183.896094 0.983820 
1044.084282 325.151050 180.468977 1.061852 
1044.915718 324.848951 180.468977 1.061852 
1046.060056 324.090285 183.896094 0.983820 
1046.807943 323.760168 174.640096 0.895569 
1047.191930 323.239540 174.670218 0.895297 
1047.937909 322.907493 184.084760 0.979660 
1049.062090 322.092506 184.084844 0.979659 
1049.808038 321.760435 174.671919 0.895268 
1050.191961 321.239564 174.672010 0.895267 
1050.937884 320.907461 184.086112 0.979631 
1052.060345 320.089099 184.278066 0.975478 
1052.789447 319.751243 174.218278 0.868385 
1053.158959 319.167458 181.022626 0.811427 
1053.824711 318.823310 180.626001 0.789379 
1054.173489 318.173654 180.961328 0.785874 
1054.826227 317.826227 180.956713 0.785398 
1055.173696 317.173521 180.958981 0.784895 
1055.823255 316.824754 180.587385 0.781138 
1056.168475 316.158509 180.646879 0.754929 
1056.739240 315.787183 172.173618 0.684507 
1057.055504 315.029321 178.671581 0.486008 
1057.403912 314.058133 163.949511 0.142943 
1057.316271 312.904282 160.743017 -0.293882 
1056.907880 312.091739 161.334695 -0.783326 
1056.104625 311.695706 162.391657 -1.239629 
1055.031541 311.507544 162.949189 -1.506836 
1054.001076 311.500076 163.404807 -1.568644 
1052.982114 311.506855 163.540457 -1.607050 
1051.926669 311.605690 166.223551 -1.754669 
1050.952832 311.888344 176.973337 -1.970501 
1050.087118 312.163340 179.072713 -2.060768 
1048.941800 312.913232 184.056468 -2.161625 
1048.210203 313.248746 174.191063 -2.272408 
1047.839548 313.829592 180.703981 -2.326112 
1047.160467 314.170415 180.706076 -2.326139 
1046.789894 314.751522 174.225449 -2.272714 
1046.060368 315.089138 184.276776 -2.166087 
1044.937884 315.907461 184.086109 -2.161962 
1044.191961 316.239564 174.672010 -2.246326 
1043.808038 316.760435 174.671919 -2.246325 
1043.062090 317.092506 184.084844 -2.161934 
1041.937910 317.907494 184.084844 -2.161934 
1041.191962 318.239565 174.671916 -2.246325 
1040.808038 318.760435 174.671916 -2.246325 
1040.062090 319.092506 184.084844 -2.161934 
1038.937909 319.907493 184.084760 -2.161933 
1038.191930 320.239540 174.670218 -2.246296 
1037.807943 320.760167 174.640096 -2.246023 
1037.060056 321.090285 183.896094 -2.157772 
1035.915718 321.848950 180.468977 -2.079741 
1035.084282 322.151049 180.468977 -2.079741 
1033.939943 322.909714 183.896010 -2.157772 
1033.192026 323.239807 174.638400 -2.245994 
1032.807974 323.760193 174.638400 -2.245994 
1032.060057 324.090286 183.896010 -2.157772 
1030.915718 324.848951 180.468977 -2.079741 
1030.084282 325.151049 180.468977 -2.079741 
1028.939944 325.909715 183.896094 -2.157772 
1028.192057 326.239832 174.640096 -2.246023 
1027.808070 326.760460 174.670218 -2.246296 
1027.062091 327.092507 184.084760 -2.161933 
1025.937910 327.907494 184.084844 -2.161934 
1025.191962 328.239565 174.671916 -2.246325 
1024.808038 328.760435 174.671916 -2.246325 
1024.062090 329.092506 184.084844 -2.161934 
1022.937909 329.907493 184.084760 -2.161933 
1022.191930 330.239540 174.670218 -2.246296 
1021.807943 330.760167 174.640096 -2.246023 
1021.060055 331.090284 183.896010 -2.157772 
1019.915625 331.848671 180.446334 -2.079424 
1019.081937 332.148348 180.343712 -2.075424 
1017.917970 332.851371 180.321390 -2.075107 
1017.082029 333.148627 180.321317 -2.075106 
1015.917971 333.851373 180.321317 -2.075106 
1015.082029 334.148627 180.321317 -2.075106 
1013.917971 334.851373 180.321317 -2.075106 
1013.082029 335.148627 180.321317 -2.075106 
1011.917971 335.851373 180.321317 -2.075106 
1011.082029 336.148627 180.321317 -2.075106 
1009.917971 336.851373 180.321317 -2.075106 
1009.082029 337.148627 180.321317 -2.075106 
1007.917971 337.851373 180.321317 -2.075106 
1007.082029 338.148627 180.321317 -2.075106 
1005.917971 338.851373 180.321317 -2.075106 
1005.082029 339.148627 180.321317 -2.075106 
1003.917971 339.851373 180.321317 -2.075106 
1003.082030 340.148629 180.321390 -2.075107 
1001.918063 340.851652 180.343712 -2.075424 
1001.084375 341.151329 180.446334 -2.079424 
999.939944 341.909715 183.895926 -2.157771 
999.192026 342.239807 174.638400 -2.245994 
998.807974 342.760193 174.638400 -2.245994 
998.060056 343.090285 183.895926 -2.157771 
996.915624 343.848666 180.445437 -2.079415 
996.081763 344.148148 180.320426 -2.075098 
994.915461 344.839778 178.955267 -2.056310 
994.047320 345.112883 176.776926 -1.967744 
993.059983 345.401113 165.238728 -1.719239 
991.940017 345.401112 165.238728 -1.422354 
990.952678 345.112890 176.776214 -1.173858 
990.084357 344.839995 178.933042 -1.085615 
988.915501 344.160248 178.939392 -1.085548 
988.047257 343.888039 176.959506 -1.171395 
987.073988 343.605818 166.263386 -1.385256 
986.029155 343.502618 163.311542 -1.512246 
985.970864 343.497392 163.311167 -1.512285 
984.926555 343.394949 166.223220 -1.386935 
983.950687 343.123594 175.962059 -1.191157 
983.049311 342.876397 175.958999 -1.191201 
982.072783 342.604922 166.183522 -1.388614 
981.017933 342.506868 163.541336 -1.534446 
980.001421 342.500150 163.433963 -1.567954 
979.000042 342.500000 163.433304 -1.570713 
978.000000 342.500000 163.433303 -1.570796 
977.000000 342.500000 163.433303 -1.570796 
976.000000 342.500000 163.433303 -1.570796 
975.000000 342.500000 163.433303 -1.570796 
974.000000 342.500000 163.433303 -1.570796 
972.999958 342.500000 163.433304 -1.570880 
971.998579 342.500150 163.433963 -1.573638 
970.982067 342.506868 163.541336 -1.607146 
969.927217 342.604922 166.183522 -1.752978 
968.950679 342.876386 175.962059 -1.950435 
968.049583 343.123742 176.052654 -1.951903 
967.081924 343.396172 166.480988 -1.774712 
965.918080 343.603848 166.480987 -1.774712 
964.950754 343.877080 176.048639 -1.951848 
964.051047 344.128639 175.801869 -1.948562 
963.063646 344.411406 164.558824 -1.724284 
962.013084 344.531614 158.264227 -1.542869 
960.264388 343.027598 154.287032 0.104006 
960.427409 342.103137 162.047798 0.236781 
960.540235 341.899177 161.614469 0.215876 
960.877183 340.946140 177.564200 0.413280 
961.158422 340.083792 179.045328 0.486512 
961.839686 338.915465 178.940179 0.485257 
962.111968 338.047255 176.956295 0.399359 
962.394306 337.073346 166.224730 0.183910 
962.493190 336.018817 163.540438 0.038136 
962.507023 334.980370 163.539256 0.039798 
962.617721 333.920929 166.482661 0.203964 
962.947042 332.972078 178.935541 0.485207 
963.253399 332.193183 172.284041 0.651368 
963.753477 331.812363 172.167179 0.650590 
964.054446 331.026570 176.111344 0.454007 
964.384345 330.000000 162.630081 0.000000 
964.054446 328.973430 176.111344 -0.454007 
963.753476 328.187638 172.167179 -0.650590 
963.253381 327.806831 172.284041 -0.651368 
962.946901 327.027992 178.929191 -0.485140 
962.616803 326.078126 166.385534 -0.201123 
962.508996 324.999811 163.401665 0.000386 
962.619218 323.920335 166.277012 0.206238 
962.968492 322.982157 177.751472 0.515264 
963.297257 322.286983 163.997829 0.767816 
963.947184 321.926700 182.952291 0.946415 
965.060422 321.089026 184.243586 0.974506 
965.786694 320.750021 173.826284 0.864392 
966.152320 320.152311 180.959062 0.785370 
966.749717 319.786577 173.791039 0.706075 
967.086492 319.058115 184.069392 0.591625 
967.848623 317.915592 180.447112 0.508658 
968.148347 317.081936 180.343787 0.504629 
968.851368 315.917970 180.320499 0.504302 
969.148456 315.081863 180.294062 0.503943 
969.841897 313.917038 178.741407 0.483241 
970.113446 313.043550 174.619011 0.366535 
970.379532 311.992116 163.046979 -0.020769 
970.049002 310.975710 176.350062 -0.460189 
969.742154 310.209587 171.895366 -0.682521 
969.168127 309.842151 180.484516 -0.753878 
968.823279 309.175220 180.579201 -0.781133 
968.173380 308.826620 180.954001 -0.785398 
967.824833 308.176668 180.579201 -0.789663 
967.158585 307.831059 180.469546 -0.817006 
966.791769 307.256201 171.888995 -0.888320 
966.025090 306.949172 176.183063 -1.112268 
