LinkedEdgelFile 0 0 972 1296 1 1960 1960
0 1960
664.937340 505.483286 151.395075 -1.441862 
663.953814 505.551527 160.258041 -1.673420 
662.946746 505.863509 175.120799 -1.942798 
662.047936 506.119780 176.013567 -1.951472 
661.081886 506.395985 166.480988 -1.774712 
659.917548 506.604633 166.527148 -1.776395 
658.952591 506.888250 177.072584 -1.972023 
658.087435 507.163736 179.051501 -2.061270 
656.949416 507.928556 183.205283 -2.186887 
656.283289 508.283460 166.237523 -2.355892 
655.926232 508.947270 183.444469 -2.521000 
655.089702 510.060775 184.234171 -2.546114 
654.752116 510.792197 173.953341 -2.443926 
654.178876 511.163340 178.696774 -2.401564 
653.842322 511.874768 174.416523 -2.470381 
653.410574 512.261337 158.175629 -2.574754 
653.111013 513.036981 166.131618 -2.820029 
652.904953 513.970742 165.590923 -2.842976 
652.627001 514.825587 156.456154 -2.704201 
652.373012 515.174415 156.455437 -2.704211 
652.095305 516.029298 165.580189 -2.843353 
651.894246 516.965371 166.141912 -2.825149 
651.610523 517.770108 159.069535 -2.608367 
651.241099 518.153364 167.985109 -2.575047 
650.936781 518.967928 177.900342 -2.672116 
650.614812 519.910208 166.718481 -2.912571 
650.310211 521.102377 166.239411 -2.822825 
649.938807 521.952627 172.888762 -2.482809 
649.010919 523.010188 180.321046 -2.390847 
648.539382 523.692618 158.498897 -2.553135 
648.176805 524.100354 177.909833 -2.625340 
647.887327 524.949143 178.116922 -2.717601 
647.562906 525.862997 165.564922 -2.837851 
647.416906 526.137440 166.228445 -2.823145 
647.057751 527.031874 180.321463 -2.637281 
646.746504 527.803745 172.889343 -2.482788 
646.238577 528.189488 174.417666 -2.470373 
645.907285 528.937806 184.058760 -2.550728 
645.089742 530.060782 184.276326 -2.546269 
644.751595 530.789745 174.218159 -2.439181 
644.170316 531.161718 180.992759 -2.382082 
643.826455 531.827786 180.601562 -2.360043 
643.189916 532.191461 180.132345 -2.352143 
642.858256 532.857099 180.137192 -2.352131 
642.175903 533.197445 170.371666 -2.298560 
641.926600 533.921411 170.523859 -2.322069 
641.144222 534.282075 126.343550 -2.043433 
640.835168 534.781595 128.457108 -2.217303 
640.667834 535.601503 95.454577 -2.265661 
639.198477 534.946549 105.453001 -0.263065 
639.157916 533.984502 134.768111 -0.097829 
639.287255 532.990554 155.008372 -0.032871 
639.423299 531.997681 161.979704 -0.005478 
639.488329 531.010391 162.921319 0.021275 
639.600230 529.926647 166.012082 0.181470 
639.873908 528.949700 175.947310 0.379567 
640.123140 528.049126 175.958600 0.379594 
640.395032 527.072775 166.183517 0.182182 
640.493138 526.017892 163.540842 0.036267 
640.499732 525.000000 163.433299 -0.000000 
640.493138 523.982076 163.540913 -0.036330 
640.394266 522.926505 166.219221 -0.184294 
640.109488 521.953081 176.918342 -0.404858 
639.831683 521.096335 176.941616 -0.519835 
639.444780 520.665600 154.321069 -0.644673 
638.950157 520.064189 167.840482 -0.910546 
636.976088 519.949587 174.348279 -2.013692 
636.200867 520.245608 171.255477 -2.256319 
635.843379 520.842427 179.685756 -2.353164 
635.262658 521.216326 171.727565 -2.452623 
634.951129 521.973813 179.157510 -2.649692 
634.617519 522.912067 166.860264 -2.915617 
634.396322 524.082113 166.485823 -2.937296 
634.123760 525.049598 176.056411 -2.760433 
633.876242 525.950404 176.055725 -2.760443 
633.603823 526.918075 166.480988 -2.937677 
633.396172 528.081924 166.480988 -2.937677 
633.123744 529.049584 176.052654 -2.760486 
632.876393 529.950675 175.965119 -2.761910 
632.605051 530.926554 166.223220 -2.957731 
632.502611 531.970869 163.311059 -3.083093 
632.497388 532.029130 163.311059 -3.083093 
632.394859 533.073396 166.220731 -2.957812 
632.122448 534.048508 175.790462 -2.764408 
631.875230 534.954761 173.844372 -2.793757 
631.617114 536.000000 163.433303 3.141593 
631.875231 537.045238 173.844372 2.793757 
632.122455 537.951495 175.787421 2.764452 
632.394989 538.927266 166.181056 2.959491 
632.493139 539.982108 163.540842 3.105326 
632.499732 541.000025 163.433304 -3.141542 
632.492928 542.018741 163.539605 -3.103591 
632.382032 543.079152 166.485822 -2.937296 
632.048601 544.025921 179.072716 -2.651620 
631.736722 544.785081 172.188712 -2.456978 
631.167168 545.157320 180.668896 -2.386534 
630.823173 545.824673 180.587389 -2.360454 
630.173657 546.173482 180.958982 -2.356699 
629.826235 546.826245 180.958959 -2.356222 
629.173745 547.173744 180.961307 -2.356196 
628.826255 547.826255 180.961307 -2.356195 
628.173745 548.173745 180.961307 -2.356195 
627.826255 548.826256 180.961311 -2.356196 
627.173764 549.173755 180.959066 -2.356221 
626.826345 549.826511 180.961331 -2.356671 
626.176690 550.175289 180.626004 -2.360175 
625.832542 550.841041 181.022630 -2.382224 
625.248756 551.210552 174.218376 -2.439181 
624.910869 551.939629 184.279355 -2.546246 
624.089131 553.060371 184.279353 -2.546246 
623.751245 553.789450 174.218391 -2.439182 
623.167480 554.158971 181.020407 -2.382251 
622.823405 554.824982 180.624145 -2.360680 
622.176736 555.175072 180.589073 -2.360925 
621.832863 555.842627 180.704084 -2.386277 
621.263240 556.215467 172.359079 -2.455662 
620.946006 556.969870 180.469886 -2.632618 
620.579822 557.859098 166.219268 -2.818038 
620.420180 558.140902 166.219221 -2.818039 
620.054046 559.030156 180.469050 -2.632647 
619.737080 559.785014 172.367647 -2.456159 
619.170062 560.158844 180.392675 -2.390289 
618.829434 560.839479 180.670155 -2.386527 
618.248458 561.210077 174.223619 -2.439704 
617.910861 561.939631 184.276691 -2.546303 
617.092540 563.062117 184.086025 -2.550428 
616.760461 563.808071 174.670218 -2.466093 
616.239834 564.192055 174.638947 -2.466374 
615.909862 564.940081 183.868974 -2.554918 
615.162844 566.087144 179.194339 -2.650232 
614.883865 566.948243 178.040843 -2.722349 
614.566486 567.866555 165.590967 -2.842975 
614.433514 568.133445 165.590967 -2.842975 
614.116133 569.051757 178.040904 -2.722348 
613.837108 569.912824 179.195082 -2.650202 
613.086771 571.058203 184.057410 -2.550756 
612.751273 571.789826 174.189231 -2.440009 
612.170560 572.160506 180.667958 -2.386554 
611.829937 572.841156 180.392468 -2.390291 
611.262921 573.214984 172.366478 -2.456167 
610.946138 573.969970 180.445437 -2.632974 
610.583769 574.862797 166.228575 -2.823178 
610.438490 575.136505 165.483357 -2.839794 
610.127696 576.054169 177.072318 -2.740397 
609.872517 576.945970 177.056623 -2.740723 
609.565497 577.867016 165.521396 -2.844587 
609.433213 578.133173 165.580189 -2.843353 
609.116429 579.051841 178.022669 -2.722690 
608.839984 579.915265 179.082803 -2.654591 
608.148435 581.081860 180.298050 -2.637609 
607.851569 581.918144 180.297160 -2.637618 
607.160460 583.084679 178.961551 -2.656013 
606.888037 583.952746 176.957011 -2.742224 
606.605686 584.926673 166.223220 -2.957731 
606.506873 585.982042 163.541637 -3.105192 
606.500150 586.998579 163.433963 -3.138751 
606.500000 587.999958 163.433304 -3.141509 
606.500000 589.000000 163.433303 3.141593 
606.500000 590.000042 163.433304 -3.141509 
606.499850 591.001421 163.433963 -3.138751 
606.493132 592.017933 163.541336 -3.105243 
606.395078 593.072783 166.183522 -2.959411 
606.123602 594.049310 175.958999 -2.761997 
605.876398 594.950690 175.958999 -2.761997 
605.604922 595.927217 166.183522 -2.959411 
605.506869 596.982067 163.541336 -3.105243 
605.500174 597.998580 163.433959 -3.138751 
605.500173 598.999958 163.433148 -3.141509 
605.501019 599.999999 163.431154 -3.141591 
605.504812 600.999978 163.416050 -3.141549 
605.519510 601.999746 163.280575 -3.141065 
605.579102 602.998182 162.238979 -3.137272 
605.707808 603.990454 157.887527 -3.108935 
605.749147 604.959818 145.867233 -2.982762 
604.060306 605.866905 135.929744 -1.145364 
603.330731 605.737686 132.095245 -0.670541 
602.975681 605.019115 171.303971 -0.666165 
602.743448 604.232866 163.607856 -0.737039 
602.191447 603.845213 173.723761 -0.679908 
601.879923 603.080490 182.929029 -0.590529 
601.146766 601.918153 180.415633 -0.508711 
600.849246 601.083221 180.291439 -0.504402 
600.159873 599.915340 179.082874 -0.487003 
599.883471 599.051887 178.023419 -0.418912 
599.566461 598.133420 165.587410 -0.298548 
599.433328 597.866677 165.583947 -0.298480 
599.115531 596.949077 177.740052 -0.415153 
598.839321 596.075895 175.469284 -0.441277 
598.278815 594.918930 159.891836 -0.282964 
598.182202 593.984013 142.291770 -0.087517 
598.167567 592.959946 131.932404 -0.234629 
597.917504 592.038374 156.332018 -0.435389 
597.628486 591.139412 163.978629 -0.358993 
597.449285 590.859484 162.812699 -0.303117 
597.118793 589.946682 177.978603 -0.421882 
596.840510 589.084447 179.078077 -0.486952 
596.160278 587.915475 178.944174 -0.485299 
595.887892 587.047511 177.055185 -0.400851 
595.604626 586.082449 166.526741 -0.205587 
595.396173 584.918051 166.483034 -0.203975 
595.123188 583.950422 176.147455 -0.382626 
594.871724 583.054201 176.976807 -0.399778 
594.561346 582.136755 165.440894 -0.302211 
594.412803 581.861759 166.207036 -0.323147 
594.037521 580.977842 179.236755 -0.533442 
593.703987 580.283728 164.534780 -0.764210 
593.065363 579.914651 181.828120 -0.917236 
592.653503 579.440784 156.547036 -0.904594 
592.074755 578.938878 172.364731 -0.685397 
591.694650 578.102257 166.207036 -0.323147 
591.398007 576.915576 166.374460 -0.209019 
591.123944 575.950286 176.068576 -0.381456 
590.876401 575.049323 175.965802 -0.379692 
590.605050 574.073446 166.223220 -0.183862 
590.502603 573.029100 163.310459 -0.058437 
590.497341 572.970878 163.310942 -0.058488 
590.391143 571.927473 166.196849 -0.183340 
590.089806 570.964981 175.036642 -0.371805 
589.827517 570.055713 166.681481 -0.312429 
589.430924 569.014317 145.187548 0.033211 
591.016830 567.789437 150.737488 1.650553 
591.973246 568.079464 170.811758 1.895560 
592.931984 568.380075 165.940336 1.747876 
593.982206 568.492825 163.537800 1.606886 
595.000026 568.499732 163.433304 1.570745 
596.018742 568.492928 163.539611 1.532793 
597.079161 568.382014 166.485039 1.366468 
598.025698 568.048129 179.047607 1.080363 
598.782359 567.735537 171.782579 0.882214 
599.150959 567.152242 180.585015 0.789631 
599.749961 566.786671 173.747160 0.706338 
600.086354 566.057988 184.038836 0.591349 
600.837106 564.912823 179.195018 0.491391 
601.116128 564.051753 178.040156 0.419235 
601.433196 563.133168 165.580189 0.298239 
601.565500 562.867040 165.519023 0.296959 
601.871980 561.945969 176.957011 0.399368 
602.123048 561.049311 176.055725 0.381150 
602.394944 560.073465 166.224730 0.183910 
602.497389 559.029131 163.311059 0.058500 
602.502611 558.970869 163.311059 0.058500 
602.605056 557.926535 166.224730 0.183910 
602.876952 556.950689 176.055725 0.381150 
603.128015 556.054027 176.956295 0.399359 
603.434192 555.132692 165.508932 0.296592 
603.565822 554.867290 165.511301 0.296639 
603.872817 553.946048 177.072259 0.401195 
604.130224 553.055926 177.116504 0.405642 
604.460633 552.156165 163.384183 0.326863 
604.669244 551.855932 167.018709 0.410792 
605.054215 551.043412 174.637153 0.675189 
605.989163 549.989884 180.349858 0.750983 
606.462014 549.306988 158.313276 0.586471 
606.826008 548.902103 177.547160 0.512507 
607.110009 548.042806 174.620745 0.371082 
607.380475 546.990484 162.784151 -0.025005 
607.032338 545.982928 174.897184 -0.485731 
606.711320 545.277735 163.635767 -0.766077 
606.052730 544.926270 182.484414 -0.949953 
604.912676 544.163535 179.042296 -1.080336 
604.047157 543.888382 176.973371 -1.171060 
603.073331 543.605694 166.223581 -1.386923 
602.017958 543.506873 163.541637 -1.534396 
601.001421 543.500150 163.433963 -1.567954 
600.000000 543.500000 163.433303 -1.570796 
598.998554 543.500151 163.433987 -1.573689 
597.981289 543.507075 163.539222 -1.608737 
596.922667 543.617420 166.341024 -1.770245 
595.971372 543.938259 174.890770 -2.004968 
595.094279 544.256677 150.709809 -1.922804 
593.877609 544.254536 132.680661 -1.122594 
593.145990 543.890850 161.388855 -0.641998 
592.854643 543.089195 175.811299 -0.550379 
592.147479 541.918399 180.266891 -0.505379 
591.848276 541.084703 180.420851 -0.509171 
591.071620 539.949262 183.233636 -0.616367 
590.716599 539.282924 166.241119 -0.784555 
590.053449 538.925860 182.981764 -0.946164 
588.959917 538.047958 174.274139 -0.874597 
588.468232 537.643841 148.244475 -0.650280 
588.142872 536.951239 163.420421 -0.328895 
587.954687 536.010565 166.718247 -0.229064 
587.750541 535.088657 168.365453 -0.341475 
587.234754 533.911624 169.114557 -0.360052 
586.993069 533.002272 166.153781 -0.316819 
586.684586 532.163192 153.924035 -0.477464 
586.363555 531.742012 150.553618 -0.617157 
585.970441 531.023448 174.354402 -0.670613 
585.511951 530.312460 157.006771 -0.569472 
585.173632 529.902451 177.778075 -0.511871 
584.887216 529.050817 178.081534 -0.423329 
584.566788 528.133521 165.600639 -0.298973 
584.433577 527.866521 165.590640 -0.298649 
584.116137 526.948242 178.040904 -0.419245 
583.837158 526.087143 179.194268 -0.491360 
583.090376 524.939962 183.841871 -0.586373 
582.761195 524.189547 174.384928 -0.670908 
582.253463 523.803780 172.888762 -0.658783 
581.942070 523.031996 180.343712 -0.504628 
581.579554 522.140806 166.207669 -0.323158 
581.420446 521.859194 166.207669 -0.323158 
581.057928 520.968005 180.343785 -0.504629 
580.746506 520.196256 172.890470 -0.658813 
580.238537 519.810544 174.417760 -0.671220 
579.907225 519.062234 184.058760 -0.590865 
579.089096 517.939656 184.277940 -0.595319 
578.751236 517.210570 174.215639 -0.702438 
578.167162 516.841170 181.020398 -0.759846 
577.822115 516.177886 180.287728 -0.785399 
577.158816 515.832844 181.018180 -0.810978 
576.789337 515.249029 174.181223 -0.868664 
576.058198 514.913233 184.053093 -0.979976 
574.914406 514.161373 178.854605 -1.083116 
574.043507 513.887269 174.743297 -1.202472 
573.000000 513.617071 163.409759 -1.570796 
571.956493 513.887269 174.743297 -1.939121 
571.085594 514.161373 178.854605 -2.058477 
569.941801 514.913232 184.053134 -2.161616 
569.210646 515.249022 174.183859 -2.272902 
568.841055 515.832549 181.020402 -2.330139 
568.175306 516.176698 180.623633 -2.352240 
567.826636 516.826636 180.961304 -2.356194 
567.176698 517.175306 180.623633 -2.360149 
566.832549 517.841055 181.020402 -2.382250 
566.249027 518.210650 174.183859 -2.439487 
565.913269 518.941820 184.058760 -2.550728 
565.162892 520.087176 179.195084 -2.650202 
564.883871 520.948246 178.040154 -2.722358 
564.566798 521.866853 165.577763 -2.843401 
564.434311 522.132865 165.515040 -2.844712 
564.126768 523.053141 176.776926 -2.744645 
563.875801 523.954751 173.929539 -2.792211 
563.617121 524.999981 163.433304 -3.141542 
563.875237 526.045236 173.844372 2.793757 
564.122530 526.951476 175.782408 2.764524 
564.395732 527.928221 166.100000 2.962161 
564.490892 528.998646 163.433925 3.138834 
564.411891 530.060867 165.208160 -2.994879 
564.212818 531.052813 168.390491 -2.898347 
564.054289 532.008027 165.210151 -2.994798 
564.016057 533.000000 163.433303 3.141593 
564.054288 533.991973 165.210151 2.994798 
564.212773 534.947181 168.393770 2.898269 
564.411199 535.938066 165.276698 2.992099 
564.493511 536.983431 163.525392 3.108031 
564.499864 537.999138 163.421774 3.139869 
564.499782 539.005703 163.042307 -3.130181 
564.501112 539.008043 163.064651 3.125472 
564.537093 540.045075 159.434603 3.044525 
564.754161 541.075951 148.778061 2.841950 
565.023252 541.988187 143.953335 2.671545 
565.299958 542.891552 151.153953 2.794672 
565.475782 543.938234 160.015657 3.012495 
565.499925 544.988386 163.087453 3.118366 
565.500760 545.003131 163.156290 3.135321 
565.500039 546.000212 163.425212 3.141169 
565.500000 546.999975 163.433304 3.141542 
565.500000 548.000000 163.433303 3.141593 
565.500000 549.000042 163.433304 3.141509 
565.500150 550.001421 163.433963 3.138751 
565.506868 551.017933 163.541336 3.105243 
565.604922 552.072783 166.183522 2.959411 
565.876398 553.049310 175.958999 2.761997 
566.123601 553.950690 175.958999 2.761997 
566.395070 554.927198 166.185019 2.959362 
566.493196 555.981238 163.539739 3.103569 
566.506429 557.017399 163.523032 3.106357 
566.588089 558.060926 165.211359 2.994748 
566.771144 559.049140 167.158330 2.930085 
566.898930 560.000008 163.433304 3.141509 
566.770609 560.951397 167.061439 -2.932804 
566.582386 561.953460 164.445042 -3.030608 
566.599499 563.061030 165.308060 2.990371 
566.886679 564.047319 176.686785 2.746037 
567.156668 564.920887 177.755490 2.673973 
567.745137 566.095479 169.025185 2.783147 
567.944027 567.011575 166.480988 2.937677 
568.047585 567.991151 166.223220 2.957731 
568.212208 568.946696 168.510301 2.895498 
568.411107 569.937333 165.309304 2.990322 
568.497781 570.972223 163.285319 3.085849 
568.502768 571.028285 163.307052 3.084768 
568.605044 572.073427 166.221710 2.957780 
568.876404 573.049314 175.962059 2.761954 
569.123595 573.950686 175.962059 2.761954 
569.394949 574.926555 166.223220 2.957731 
569.497389 575.970869 163.311059 3.083093 
569.502611 576.029131 163.311059 3.083093 
569.605051 577.073445 166.223220 2.957731 
569.876405 578.049314 175.962059 2.761954 
570.123595 578.950686 175.962059 2.761954 
570.394949 579.926555 166.223220 2.957731 
570.497389 580.970869 163.311059 3.083093 
570.502611 581.029131 163.311059 3.083093 
570.605056 582.073465 166.224730 2.957682 
570.876952 583.049311 176.055725 2.760443 
571.128015 583.945973 176.956295 2.742234 
571.434180 584.867317 165.508349 2.845012 
571.565818 585.132683 165.508349 2.845012 
571.871972 586.054039 176.959506 2.742191 
572.123197 586.950419 176.146710 2.758977 
572.396169 587.918056 166.482661 2.937628 
572.603832 589.081943 166.482661 2.937628 
572.876841 590.049559 176.143628 2.759020 
573.128328 590.946079 176.851750 2.743809 
573.434536 591.879630 164.637125 2.871359 
573.552879 592.118876 163.758604 2.881734 
573.767457 593.049035 165.854099 2.933775 
573.810227 593.972371 155.473408 -2.997018 
573.531610 594.655007 141.979072 -2.506755 
573.011795 595.017191 164.435731 -2.172161 
572.093490 595.388768 163.125701 -1.806794 
571.022405 595.495094 163.230224 -1.616019 
569.981235 595.506880 163.537815 -1.608831 
568.928263 595.604794 166.103932 -1.750359 
567.951574 595.867478 174.003241 -1.921141 
567.025004 596.099585 168.506278 -1.816796 
565.994015 596.196263 163.509273 -1.540312 
565.003661 596.100538 163.541637 -1.607197 
564.049960 596.227802 167.305466 -1.786690 
563.070599 596.413315 165.384733 -1.739975 
561.912831 596.617206 166.805487 -1.794696 
560.971888 596.946865 179.056698 -2.057426 
560.193023 597.252429 172.460035 -2.223614 
559.806974 597.747567 172.460035 -2.223614 
559.028105 598.053117 179.060560 -2.057467 
558.087808 598.382660 166.856790 -1.796358 
556.917869 598.603683 166.487466 -1.775140 
555.950418 598.876805 176.148086 -1.953431 
555.054180 599.128238 176.976492 -1.970543 
554.136443 599.438412 165.481169 -1.872515 
553.862864 599.583447 166.216607 -1.888836 
552.968129 599.942252 180.320426 -2.075098 
552.196219 600.253466 172.887727 -2.229572 
551.810451 600.761197 174.385979 -2.241712 
551.060174 601.090521 183.868890 -2.157470 
549.915625 601.848667 180.445363 -2.079414 
549.081766 602.148151 180.321317 -2.075106 
547.915264 602.839982 179.082874 -2.057799 
547.051845 603.116434 178.023419 -1.989709 
546.133441 603.433519 165.590381 -1.869402 
545.866559 603.566481 165.590381 -1.869402 
544.948155 603.883566 178.023419 -1.989709 
544.084736 604.160018 179.082874 -2.057799 
542.918234 604.851849 180.321317 -2.075106 
542.084376 605.151335 180.445437 -2.079415 
540.939944 605.909715 183.895926 -2.157771 
540.192026 606.239807 174.638400 -2.245994 
539.807974 606.760193 174.638400 -2.245994 
539.060057 607.090286 183.896010 -2.157772 
537.915718 607.848951 180.468977 -2.079741 
537.084282 608.151049 180.468977 -2.079741 
535.939943 608.909714 183.896010 -2.157772 
535.192026 609.239807 174.638400 -2.245994 
534.807974 609.760193 174.638400 -2.245994 
534.060056 610.090285 183.895926 -2.157771 
532.915625 610.848671 180.446334 -2.079424 
532.081937 611.148348 180.343712 -2.075424 
530.917970 611.851371 180.321390 -2.075107 
530.082029 612.148627 180.321317 -2.075106 
528.917970 612.851368 180.320426 -2.075098 
528.081855 613.148425 180.298050 -2.074779 
526.915299 613.839513 178.965405 -2.056417 
526.047512 614.112106 177.056623 -1.971666 
525.082636 614.395522 166.531650 -1.776762 
523.912207 614.617337 166.855355 -1.796321 
522.971875 614.946663 178.939392 -2.056045 
522.189183 615.257016 170.608515 -2.205327 
521.818044 615.747689 168.906182 -2.195581 
521.005395 616.016088 166.931356 -1.894328 
519.981803 616.084178 166.378471 -1.357895 
519.082637 615.832715 176.218228 -1.111968 
517.941680 615.087205 183.901903 -0.981337 
517.210087 614.751373 174.185733 -0.869220 
516.839543 614.170416 180.702721 -0.815488 
516.160468 613.829585 180.706073 -0.815453 
515.789910 613.248444 174.227377 -0.868849 
515.060654 612.910534 184.261822 -0.975019 
513.947018 612.074197 183.461865 -0.950691 
513.279236 611.718343 166.614625 -0.789715 
512.914103 611.064763 182.730733 -0.646030 
512.469161 610.656099 157.646562 -0.632540 
511.977592 610.022621 180.589073 -0.790129 
511.305943 609.546644 158.717468 -0.977156 
510.899208 609.177375 177.887007 -1.054056 
510.050706 608.887571 178.099664 -1.147105 
509.133522 608.566800 165.601182 -1.271812 
508.866522 608.433588 165.590143 -1.272157 
507.948155 608.116436 178.023480 -1.151883 
507.084735 607.839984 179.082803 -1.083794 
505.918140 607.148435 180.298050 -1.066813 
505.081856 606.851569 180.297160 -1.066822 
503.915320 606.160462 178.961551 -1.085216 
503.047256 605.888046 176.960222 -1.171385 
502.073988 605.605817 166.263386 -1.385256 
501.029130 605.502619 163.311059 -1.512296 
500.970906 605.497386 163.310371 -1.512368 
499.927668 605.394999 166.138929 -1.389683 
498.951977 605.132430 173.847187 -1.222916 
498.020805 604.903084 167.156597 -1.359337 
496.979148 604.903671 167.206615 -1.783977 
496.052779 605.136726 174.746361 -1.939196 
495.135218 605.437852 165.303148 -1.870326 
494.862458 605.587098 166.128849 -1.892345 
493.978166 605.963066 179.212106 -2.104695 
493.288218 606.297769 164.185162 -2.339897 
492.927005 606.947430 182.998588 -2.517450 
492.089450 608.060646 184.258664 -2.545791 
491.751557 608.789911 174.227362 -2.439644 
491.170416 609.160468 180.706069 -2.386249 
490.829592 609.839548 180.703984 -2.386277 
490.248742 610.210199 174.191063 -2.439981 
489.913192 610.941778 184.051868 -2.550801 
489.161372 612.085594 178.854602 -2.653912 
488.887269 612.956493 174.743297 -2.773268 
488.617072 614.000000 163.409759 3.141592 
488.887312 615.043495 174.743297 2.773236 
489.161678 615.914144 178.825612 2.653428 
489.928935 617.050719 182.701995 2.521735 
490.287122 617.702780 163.958132 2.338915 
490.982151 618.031517 177.747884 2.086084 
491.920335 618.380783 166.276891 1.777036 
492.999811 618.491004 163.401665 1.571182 
494.078129 618.383190 166.385902 1.369663 
495.027874 618.052828 178.955197 1.085283 
495.804273 617.746468 172.723518 0.913361 
496.189326 617.238697 174.346980 0.900237 
496.939983 616.909395 183.693914 0.985753 
498.084338 616.170157 176.349415 1.110638 
498.980108 615.915723 167.491105 1.339005 
500.019888 615.915752 167.490536 1.802621 
500.915364 616.170548 176.322577 2.031448 
502.050936 616.927785 183.065537 2.185101 
502.721226 617.281672 166.570638 2.351023 
503.086571 617.934232 182.297007 2.491907 
503.558042 618.344182 157.008656 2.479934 
504.056805 618.932779 174.191060 2.272408 
504.856312 619.325682 167.070674 1.986301 
505.156632 619.538722 163.346694 1.898142 
506.055871 619.870039 177.134220 1.976813 
506.944129 620.129961 177.134220 1.976813 
507.843368 620.461278 163.346694 1.898142 
508.143688 620.674318 167.070674 1.986301 
508.943195 621.067221 174.191060 2.272408 
509.441961 621.655815 157.008656 2.479934 
509.913461 622.065744 182.298598 2.491914 
510.278952 622.718172 166.577849 2.351067 
510.948985 623.072077 183.249617 2.186729 
512.083402 623.852198 180.575342 2.084540 
512.902697 624.164622 179.263836 2.104623 
513.311292 624.538753 158.718793 2.164471 
513.988209 625.012522 180.706186 2.326140 
515.010251 625.989200 181.020508 2.330138 
515.658294 626.475649 157.888780 2.193765 
516.072103 626.899019 183.460363 2.190872 
516.791752 627.244189 174.498945 2.276923 
517.160819 627.829277 180.666305 2.326331 
517.841215 628.170085 180.358928 2.321848 
518.214529 628.736953 172.202613 2.254951 
518.973898 629.048776 179.194342 2.062157 
519.912097 629.382393 166.863372 1.796747 
521.082637 629.604476 166.531681 1.776763 
522.047514 629.887889 177.055904 1.971656 
522.915476 630.160296 178.939392 2.056045 
524.083022 630.841672 178.723222 2.053746 
524.956418 631.113030 174.731155 1.938812 
525.999360 631.382653 163.421760 1.572470 
527.045249 631.124216 173.926713 1.221460 
527.946866 630.873246 176.776214 1.173858 
528.867412 630.566008 165.504371 1.274294 
529.132662 630.434186 165.505936 1.274263 
530.054027 630.128014 176.956295 1.171438 
530.950692 629.876945 176.052654 1.189690 
531.927179 629.604934 166.186515 1.388517 
532.981213 629.506806 163.540053 1.532722 
534.018812 629.493189 163.540368 1.532672 
535.073346 629.394307 166.224730 1.386886 
536.047253 629.111962 176.957011 1.171428 
536.915321 628.839540 178.961551 1.085216 
538.081856 628.148431 180.297160 1.066822 
538.918140 627.851565 180.298050 1.066813 
540.084734 627.160010 179.083665 1.083785 
540.948021 626.883367 178.040843 1.151552 
541.863077 626.562582 165.553868 1.267432 
542.137404 626.416841 166.228575 1.252382 
543.031873 626.057750 180.321390 1.066485 
543.803745 625.746504 172.889343 0.911991 
544.189455 625.238536 174.417666 0.899577 
544.937766 624.907225 184.058758 0.979931 
546.060367 624.089136 184.276691 0.975507 
546.789894 623.751522 174.225452 0.868879 
547.160467 623.170415 180.706180 0.815453 
547.839533 622.829585 180.706180 0.815453 
548.210106 622.248478 174.225452 0.868879 
548.939632 621.910862 184.276776 0.975506 
550.062116 621.092539 184.086109 0.979631 
550.808039 620.760436 174.672010 0.895267 
551.191962 620.239565 174.671919 0.895268 
551.937910 619.907494 184.084844 0.979659 
553.062091 619.092507 184.084760 0.979660 
553.808070 618.760460 174.670218 0.895297 
554.192057 618.239832 174.640096 0.895569 
554.939945 617.909716 183.896010 0.983821 
556.084375 617.151329 180.446334 1.062169 
556.918062 616.851651 180.343785 1.066168 
558.081938 616.148349 180.343785 1.066168 
558.915625 615.848671 180.446334 1.062169 
560.060056 615.090285 183.895926 0.983822 
560.807974 614.760193 174.638400 0.895598 
561.192026 614.239807 174.638400 0.895598 
561.939944 613.909715 183.895926 0.983822 
563.084375 613.151329 180.446334 1.062169 
563.918062 612.851651 180.343785 1.066168 
565.081938 612.148349 180.343785 1.066168 
565.915626 611.848672 180.446260 1.062170 
567.060174 611.090521 183.868890 0.984122 
567.810451 610.761197 174.385979 0.899880 
568.196219 610.253466 172.887727 0.912021 
568.968128 609.942251 180.320426 1.066495 
569.862883 609.583438 166.214024 1.252804 
570.136340 609.438203 165.477124 1.269156 
571.053133 609.126643 176.789854 1.173556 
571.954823 608.875417 173.822186 1.222915 
573.008524 608.620801 163.062931 1.593272 
574.024056 608.951531 176.326250 2.031490 
574.787841 609.258917 171.490639 2.257260 
575.151757 609.846444 180.398000 2.350301 
575.754807 610.211154 174.056342 2.430646 
576.100963 610.927756 183.425920 2.520505 
576.532189 611.339920 158.090134 2.513224 
577.022551 611.977269 180.628228 2.352240 
577.689460 612.454839 158.898251 2.169849 
578.096419 612.838641 179.390607 2.109409 
578.903582 613.161356 179.390662 2.109408 
579.310551 613.545113 158.896947 2.169816 
579.977635 614.022564 180.628588 2.351764 
580.469166 614.656138 157.652541 2.509112 
580.913664 615.065026 182.741317 2.496059 
581.277083 615.723203 166.949835 2.356710 
581.934019 616.086941 182.313290 2.219981 
582.344152 616.558027 157.014544 2.232396 
582.932933 617.056710 174.225434 2.439674 
583.328379 617.853132 167.143726 2.721027 
583.558111 618.160741 164.160887 2.792713 
583.939641 619.033681 180.469812 2.632619 
584.253169 619.803882 172.919897 2.482500 
584.761170 620.189582 174.387750 2.470647 
585.090521 620.939826 183.869058 2.554917 
585.848952 622.084281 180.468903 2.632649 
586.151049 622.915718 180.468977 2.632648 
586.909715 624.060056 183.896094 2.554617 
587.239832 624.807943 174.640098 2.466366 
587.760461 625.191930 174.670313 2.466092 
588.092540 625.937883 184.086028 2.550428 
588.910901 627.060345 184.278063 2.546274 
589.248755 627.789449 174.218293 2.439183 
589.832520 628.158971 181.020404 2.382251 
590.176595 628.824982 180.624145 2.360680 
590.823264 629.175072 180.589073 2.360925 
591.167137 629.842628 180.703981 2.386277 
591.736758 630.215464 172.357911 2.455670 
592.053814 630.969994 180.447168 2.632936 
592.416510 631.862537 166.240036 2.822813 
592.562509 632.136962 165.553612 2.838196 
592.883366 633.051980 178.040904 2.722348 
593.160015 633.915263 179.083665 2.654581 
593.851706 635.081783 180.298864 2.637601 
594.150185 635.917147 180.300739 2.637466 
594.867653 637.072418 179.921950 2.640912 
595.169685 637.916572 174.743848 2.684637 
595.523171 638.242103 152.058960 2.671776 
595.921587 639.037891 159.871623 2.691461 
596.834039 640.072565 118.843418 2.729399 
596.028504 641.748890 103.877333 -1.457767 
594.998008 641.008488 138.795425 -1.340316 
594.044113 640.723681 159.928973 -1.412485 
592.925267 640.423615 163.966440 -1.396175 
591.946415 640.134516 175.814254 -1.191707 
591.048761 639.878297 176.048000 -1.189723 
590.081907 639.603909 166.480952 -1.366882 
588.918056 639.396169 166.482660 -1.366832 
587.950419 639.123197 176.146710 -1.188181 
587.054039 638.871972 176.959506 -1.171395 
586.132683 638.565818 165.508349 -1.274216 
585.867317 638.434180 165.508349 -1.274216 
584.945974 638.128013 176.956295 -1.171438 
584.049308 637.876945 176.052654 -1.189690 
583.072802 637.604927 166.185019 -1.388565 
582.017933 637.506868 163.541336 -1.534446 
581.001354 637.500149 163.433903 -1.568088 
579.997759 637.500137 163.423173 -1.575279 
578.971301 637.509974 163.311059 -1.629296 
577.904537 637.687626 165.508888 -1.867388 
577.044667 638.058381 172.485741 -2.223887 
575.959117 638.948493 174.384834 -2.241704 
575.147323 639.333930 167.069869 -1.986290 
574.839777 639.558838 164.197262 -1.919168 
573.966340 639.939674 180.468903 -2.079740 
573.196118 640.253170 172.919805 -2.229888 
572.810418 640.761170 174.387748 -2.241742 
572.060173 641.090519 183.868974 -2.157471 
570.915626 641.848672 180.446260 -2.079423 
570.081938 642.148349 180.343785 -2.075425 
568.918062 642.851651 180.343785 -2.075425 
568.084375 643.151329 180.446334 -2.079424 
566.939944 643.909715 183.895926 -2.157771 
566.192026 644.239807 174.638400 -2.245994 
565.807974 644.760193 174.638400 -2.245994 
565.060056 645.090285 183.895926 -2.157771 
563.915625 645.848671 180.446334 -2.079424 
563.081937 646.148348 180.343712 -2.075424 
561.917970 646.851371 180.321390 -2.075107 
561.082030 647.148629 180.321390 -2.075107 
559.918064 647.851653 180.343785 -2.075425 
559.084406 648.151375 180.447170 -2.079453 
557.941686 648.913125 184.086028 -2.161961 
557.210653 649.249026 174.185053 -2.272910 
556.841055 649.832548 181.020511 -2.330138 
556.175289 650.176690 180.625898 -2.352213 
555.826511 650.826345 180.961328 -2.355718 
555.173755 651.173764 180.959066 -2.356168 
554.826256 651.826255 180.961311 -2.356193 
554.173745 652.173745 180.961307 -2.356194 
553.826255 652.826255 180.961311 -2.356194 
553.173745 653.173745 180.961311 -2.356194 
552.826255 653.826255 180.961311 -2.356194 
552.173745 654.173745 180.961311 -2.356194 
551.826255 654.826255 180.961311 -2.356194 
551.173745 655.173745 180.961311 -2.356194 
550.826255 655.826255 180.961311 -2.356194 
550.173745 656.173745 180.961311 -2.356194 
549.826255 656.826255 180.961311 -2.356194 
549.173745 657.173745 180.961311 -2.356194 
548.826255 657.826255 180.961311 -2.356194 
548.173745 658.173745 180.961311 -2.356194 
547.826255 658.826255 180.961311 -2.356194 
547.173745 659.173745 180.961311 -2.356194 
546.826255 659.826255 180.961307 -2.356194 
546.173744 660.173745 180.961311 -2.356193 
545.826245 660.826236 180.959066 -2.356168 
545.173489 661.173655 180.961331 -2.355718 
544.824711 661.823310 180.626004 -2.352214 
544.158959 662.167458 181.022630 -2.330165 
543.789448 662.751244 174.218376 -2.273208 
543.060371 663.089131 184.279355 -2.166143 
541.939629 663.910869 184.279355 -2.166143 
541.210552 664.248756 174.218376 -2.273208 
540.841041 664.832542 181.022630 -2.330165 
540.175289 665.176690 180.626004 -2.352214 
539.826511 665.826345 180.961331 -2.355718 
539.173755 666.173764 180.959066 -2.356168 
538.826256 666.826255 180.961307 -2.356193 
538.173744 667.173745 180.961307 -2.356193 
537.826245 667.826236 180.959066 -2.356168 
537.173489 668.173655 180.961331 -2.355718 
536.824711 668.823310 180.626004 -2.352214 
536.158959 669.167458 181.022630 -2.330165 
535.789448 669.751244 174.218376 -2.273208 
535.060371 670.089131 184.279355 -2.166143 
533.939629 670.910869 184.279353 -2.166143 
533.210550 671.248755 174.218394 -2.273207 
532.841029 671.832521 181.020511 -2.330138 
532.175027 672.176594 180.626368 -2.351736 
531.824973 672.823406 180.626368 -2.351736 
531.158971 673.167479 181.020508 -2.330138 
530.789449 673.751244 174.218296 -2.273206 
530.060345 674.089099 184.278063 -2.166115 
528.937883 674.907460 184.086028 -2.161961 
528.191930 675.239539 174.670316 -2.246297 
527.807943 675.760168 174.640193 -2.246024 
527.060081 676.090317 183.897340 -2.157801 
525.916933 676.852634 180.598457 -2.084080 
525.097704 677.165137 179.241383 -2.105059 
524.690132 677.545593 158.912955 -2.169282 
524.022375 678.022575 180.626368 -2.351736 
523.530839 678.656120 157.649519 -2.509081 
523.085899 679.064765 182.730850 -2.495564 
522.720764 679.718342 166.614521 -2.351877 
522.052957 680.074167 183.460363 -2.190872 
520.937503 680.906925 184.041113 -2.162112 
520.189307 681.238483 174.387842 -2.241743 
519.804139 681.746340 172.732491 -2.228317 
519.028081 682.052985 179.105209 -2.058131 
518.090272 682.384368 166.769093 -1.801473 
516.897591 682.694611 166.219126 -1.894351 
516.061561 683.075205 172.356346 -2.256755 
515.560344 683.658016 157.022371 -2.480508 
515.104621 684.074725 182.739726 -2.521370 
514.764660 684.809365 174.908656 -2.460760 
514.235706 685.190741 174.917547 -2.461248 
513.895387 685.925875 183.233417 -2.525143 
513.467305 686.339150 158.106681 -2.513789 
512.977428 686.977249 180.623743 -2.352241 
512.309856 687.454357 158.914221 -2.169316 
511.902294 687.834861 179.241326 -2.105060 
511.083066 688.147365 180.598385 -2.084080 
509.939800 688.909443 183.869199 -2.157491 
509.189413 689.238784 174.353351 -2.241402 
508.804256 689.746452 172.724740 -2.228240 
508.027804 690.052687 178.961551 -2.056376 
507.079056 690.382282 166.481361 -1.774723 
506.018777 690.492922 163.540053 -1.608870 
505.001446 690.499849 163.433987 -1.573689 
504.000042 690.500000 163.433304 -1.570880 
503.000000 690.500000 163.433303 -1.570796 
502.000000 690.500000 163.433303 -1.570796 
500.999958 690.500000 163.433304 -1.570880 
499.998579 690.500150 163.433963 -1.573638 
498.982037 690.506875 163.541704 -1.607208 
497.926558 690.605905 166.226754 -1.755039 
496.953823 690.892034 177.016290 -1.974949 
496.100258 691.177221 177.780354 -2.085630 
495.692868 691.539408 158.471696 -2.158904 
495.010236 692.010965 180.355493 -2.321813 
493.956589 692.945786 174.637153 -2.245985 
493.144068 693.330756 167.018709 -1.981589 
492.843835 693.539367 163.384183 -1.897659 
491.944074 693.869776 177.116504 -1.976438 
491.053955 694.127189 177.072979 -1.972001 
490.132986 694.434495 165.521935 -1.867813 
489.866825 694.566784 165.580234 -1.869036 
488.948159 694.883571 178.022669 -1.989699 
488.084736 695.160017 179.082874 -2.057799 
486.918234 695.851849 180.321317 -2.075106 
486.084376 696.151335 180.445437 -2.079415 
484.939945 696.909717 183.896012 -2.157772 
484.192059 697.239834 174.640071 -2.246024 
483.808086 697.760495 174.671986 -2.246327 
483.062367 698.092816 184.066130 -2.162445 
481.947214 698.926737 182.950886 -2.195148 
481.297284 699.287011 163.997717 -2.373776 
480.968666 699.982253 177.758177 -2.626262 
480.620163 700.919430 166.374461 -2.932573 
480.507074 701.981032 163.534363 -3.103132 
480.500151 702.998549 163.433992 -3.138689 
480.500000 704.000000 163.433303 3.141593 
480.500151 705.001446 163.433987 3.138700 
480.507079 706.018782 163.540123 3.103507 
480.617968 707.079152 166.485822 2.937296 
480.951399 708.025921 179.072716 2.651620 
481.263278 708.785081 172.188712 2.456978 
481.832832 709.157320 180.668896 2.386534 
482.176827 709.824673 180.587389 2.360454 
482.826343 710.173482 180.958982 2.356699 
483.173765 710.826245 180.958959 2.356222 
483.826255 711.173744 180.961304 2.356196 
484.173745 711.826255 180.961197 2.356194 
484.826264 712.173746 180.958959 2.356166 
485.173788 712.826106 180.920251 2.355890 
485.827714 713.173926 180.587777 2.351457 
486.177379 713.815306 178.357094 2.335996 
486.881217 714.153851 172.726346 2.228270 
487.260331 714.559211 154.914779 2.104277 
488.022034 714.817369 159.149889 1.690864 
488.953750 714.762225 166.066980 1.378682 
489.930332 714.587764 165.323349 1.403377 
491.087148 714.382821 166.802907 1.346964 
492.027943 714.052769 179.079729 1.083805 
492.803676 713.745995 172.720435 0.912791 
493.187718 713.234427 174.638402 0.895598 
493.926064 712.895471 183.219807 0.955169 
494.340849 712.474995 157.902726 0.948366 
494.989494 711.988943 181.018180 0.810978 
495.999620 710.999620 180.961307 0.785398 
496.988956 709.989507 181.020404 0.759846 
497.475601 709.341696 157.890269 0.623003 
497.899054 708.927918 183.461835 0.620106 
498.244476 708.208714 174.494088 0.706649 
498.832388 707.840742 181.020401 0.759846 
499.176677 707.175295 180.625855 0.781472 
499.826643 706.826633 180.958959 0.785427 
500.175345 706.176835 180.585126 0.789631 
500.842680 705.832833 180.668889 0.815737 
501.214923 705.263282 172.188709 0.886182 
501.974085 704.951415 179.076602 1.080783 
502.920238 704.618143 166.529992 1.364878 
503.970890 704.503066 163.311167 1.512285 
504.027934 704.497863 163.279985 1.514748 
505.061606 704.411793 165.240222 1.422293 
506.049140 704.228855 167.158330 1.359289 
506.999830 704.101389 163.421760 1.572470 
507.945144 704.232823 167.507940 1.802190 
508.889731 704.450881 163.360711 1.810651 
509.110224 704.549364 163.361983 1.810683 
510.054512 704.766944 167.432095 1.800569 
510.997800 704.892421 163.053993 1.550352 
511.907382 704.725529 167.042644 1.245352 
513.076534 704.145142 178.939392 1.085548 
513.918224 703.851221 180.171602 1.068223 
515.084697 703.160483 178.964545 1.085185 
515.952488 702.887894 177.056623 1.169927 
516.917363 702.604476 166.531681 1.364829 
518.087903 702.382393 166.863372 1.344846 
519.026102 702.048776 179.194339 1.079436 
519.785473 701.736955 172.202631 0.886643 
520.158798 701.170108 180.356750 0.819772 
520.839499 700.829443 180.666695 0.815766 
521.210173 700.248726 174.189134 0.869214 
521.941799 699.913230 184.056383 0.979968 
523.087141 699.163367 179.076600 1.080783 
523.952577 698.888207 177.072318 1.169600 
524.917543 698.604628 166.527494 1.365188 
526.082454 698.395379 166.527117 1.365199 
527.047509 698.112101 177.055904 1.169936 
527.915298 697.839511 178.965475 1.085175 
529.081762 697.148146 180.320426 1.066495 
529.915624 696.848666 180.445437 1.062178 
531.060056 696.090285 183.895926 0.983822 
531.807974 695.760193 174.638400 0.895598 
532.192026 695.239807 174.638400 0.895598 
532.939944 694.909715 183.895926 0.983822 
534.084375 694.151329 180.446334 1.062169 
534.918063 693.851652 180.343712 1.066168 
536.082030 693.148627 180.321463 1.066485 
536.917940 692.851327 180.322203 1.066456 
538.080737 692.144687 180.469812 1.061823 
538.902200 691.834582 179.217299 1.036850 
539.309813 691.454359 158.911651 0.972343 
539.977625 690.977425 180.626258 0.789857 
540.469154 690.343876 157.649393 0.632512 
540.914105 689.935235 182.727837 0.646054 
541.279306 689.281898 166.576030 0.790018 
541.949160 688.928125 183.220992 0.955161 
543.087381 688.162966 179.192781 1.078615 
543.946361 687.881183 178.117819 1.146744 
544.842891 687.539755 163.423634 1.241841 
545.143896 687.325812 167.088165 1.154905 
545.942819 686.932406 174.182416 0.868656 
546.440182 686.339409 157.444240 0.656848 
546.894947 685.925002 182.784633 0.619994 
547.235341 685.190636 174.908539 0.680834 
547.764656 684.809352 174.905804 0.680860 
548.104555 684.074679 182.738192 0.620230 
548.560092 683.657594 156.971098 0.661404 
549.060874 683.074577 172.177385 0.886216 
549.904848 682.691470 165.347374 1.271648 
550.987642 682.509886 163.075398 1.545588 
552.060869 682.588220 165.185382 1.717552 
553.054379 682.800027 168.964286 1.836309 
553.999283 683.002540 164.877443 1.845754 
554.916034 683.232205 151.156761 1.917769 
556.065880 683.631680 143.996818 1.747791 
556.974630 683.716548 159.306625 1.481529 
558.022467 683.616711 163.311542 1.629347 
559.044176 683.886768 174.987023 1.942771 
559.916831 684.158567 178.733381 2.053854 
561.084501 684.839732 178.935541 2.056004 
561.952745 685.111968 176.956295 1.970155 
562.926654 685.394306 166.224730 1.754707 
563.981188 685.493189 163.540368 1.608921 
565.018746 685.506807 163.539535 1.608787 
566.071736 685.604795 166.103905 1.750358 
567.048426 685.867478 174.003241 1.921141 
567.974996 686.099585 168.506278 1.816796 
569.005985 686.196263 163.509273 1.540312 
569.996344 686.100532 163.541336 1.607146 
570.950468 686.227672 167.256455 1.785019 
571.939057 686.411938 165.212142 1.717673 
572.983456 686.493509 163.525115 1.604308 
573.998596 686.499851 163.433948 1.573605 
575.001446 686.500150 163.433987 1.573689 
576.017892 686.506869 163.540842 1.607063 
577.071671 686.604863 166.100000 1.750228 
578.048022 686.867554 173.844372 1.918632 
578.979160 687.097021 167.161189 1.782383 
580.020486 687.096686 167.061439 1.362007 
580.956233 686.865866 171.913531 1.255394 
582.000000 686.616846 163.433303 1.570796 
583.043767 686.865866 171.913531 1.886199 
583.979514 687.096686 167.061439 1.779585 
585.020840 687.097021 167.161189 1.359209 
585.951978 686.867554 173.844372 1.222961 
586.928329 686.604863 166.100000 1.391364 
587.982108 686.506869 163.540842 1.534530 
588.998579 686.500150 163.433963 1.567954 
589.999958 686.500000 163.433304 1.570713 
591.000042 686.500000 163.433304 1.570713 
592.001421 686.499850 163.433963 1.567954 
593.017933 686.493132 163.541336 1.534446 
594.072783 686.395078 166.183522 1.388614 
595.049321 686.123614 175.962059 1.191157 
595.950417 685.876258 176.052654 1.189690 
596.918076 685.603828 166.480988 1.366881 
598.081924 685.396173 166.480988 1.366881 
599.049594 685.123755 176.055725 1.189646 
599.950406 684.876245 176.055725 1.189646 
600.918076 684.603827 166.480988 1.366881 
602.081924 684.396172 166.480988 1.366881 
603.049583 684.123742 176.052654 1.189690 
603.950679 683.876386 175.962059 1.191157 
604.927198 683.604929 166.185019 1.388565 
605.981213 683.506806 163.540053 1.532722 
607.018787 683.493194 163.540053 1.532722 
608.072821 683.395066 166.186515 1.388517 
609.049306 683.123048 176.053339 1.189680 
609.945833 682.871776 176.973278 1.171092 
610.863588 682.561597 165.478123 1.269137 
611.136991 682.416303 166.209192 1.252892 
612.030030 682.054936 179.943490 1.070534 
612.809328 681.724686 167.094967 0.965081 
613.154204 681.221243 166.479499 0.962095 
613.994684 680.976268 156.578155 1.350446 
614.899938 681.175390 152.247645 2.089252 
615.436367 681.583337 142.336364 2.379289 
615.868599 682.080882 175.415584 2.589829 
616.152954 682.912797 179.770138 2.623430 
616.913185 684.058282 184.082504 2.550367 
617.249032 684.789329 174.182376 2.439450 
617.832844 685.158816 181.018284 2.381774 
618.177886 685.822115 180.287728 2.356195 
618.841170 686.167162 181.020398 2.330642 
619.210570 686.751236 174.215639 2.273234 
619.939656 687.089097 184.278025 2.166116 
621.062116 687.907461 184.086115 2.161962 
621.808037 688.239566 174.671986 2.246327 
622.191946 688.760470 174.673687 2.246356 
622.937633 689.092815 184.066215 2.162446 
624.052761 689.926771 182.952381 2.195142 
624.702568 690.287174 164.003453 2.373740 
625.031429 690.982140 177.886947 2.624851 
625.379967 691.910786 166.766784 2.910975 
625.603729 693.080986 166.391415 2.939998 
625.867363 694.048336 173.934883 2.792127 
626.097405 694.978804 167.258211 2.927322 
626.108519 696.019348 166.010567 -2.965156 
625.891832 696.980934 165.932609 -2.967119 
625.917833 698.020177 167.590329 2.900798 
626.183659 698.903131 174.937449 2.656236 
626.527768 699.301331 156.869501 2.573629 
627.011826 699.988897 180.484526 2.387715 
627.989197 701.010254 181.019133 2.382257 
628.475637 701.658281 157.885750 2.518595 
628.899425 702.071887 183.447685 2.521024 
629.245733 702.788523 174.103087 2.430978 
629.847572 703.152581 180.958981 2.355691 
630.213401 703.749726 173.792459 2.276837 
630.942021 704.086348 184.041113 2.162112 
632.087120 704.836656 179.072653 2.060770 
632.952830 705.111646 176.976553 1.970544 
633.926009 705.394176 166.263726 1.756348 
634.970839 705.497385 163.311650 1.629358 
635.029161 705.502615 163.311650 1.629358 
636.073988 705.605818 166.263386 1.756337 
637.047258 705.888039 176.959506 1.970198 
637.915498 706.160251 178.940251 2.056054 
639.084531 706.840227 179.056698 2.057426 
639.948406 707.116338 177.918279 1.988216 
640.877626 707.431047 164.942828 1.847417 
641.121866 707.546049 163.878439 1.833068 
642.055304 707.767012 167.561743 1.803853 
643.000175 707.898603 163.421774 1.572520 
643.950872 707.771142 167.156597 1.359337 
644.939095 707.588084 165.210151 1.424001 
645.983456 707.506492 163.525115 1.537285 
646.998663 707.500149 163.433888 1.568121 
648.001312 707.500149 163.433866 1.573421 
649.015691 707.506447 163.504094 1.602577 
650.052543 707.582107 164.307120 1.695872 
651.030933 707.695026 158.816590 1.671878 
652.166108 707.245175 148.801233 0.975326 
652.882477 706.892100 171.096386 0.742736 
653.258809 706.289148 164.190590 0.840710 
653.979359 705.963232 177.754363 1.059256 
654.910877 705.619722 166.760931 1.340589 
656.080985 705.396269 166.391384 1.369203 
657.048336 705.132637 173.934883 1.221331 
657.978804 704.902595 167.258211 1.356526 
659.019361 704.891415 166.010890 1.747244 
659.980879 705.108255 165.951168 1.745623 
661.020546 705.085379 167.675421 1.334646 
661.915136 704.829042 176.332095 1.110032 
663.050918 704.072074 183.002429 0.955740 
663.717368 703.718054 166.002097 0.784183 
664.068299 703.046592 181.477655 0.598667 
664.722402 701.903880 167.143314 0.333336 
664.892572 700.993656 163.305727 0.058982 
664.803256 700.005238 163.457715 -0.026617 
664.915762 698.976431 168.940275 0.272810 
665.184051 698.098515 174.594903 0.491454 
665.558548 697.695815 156.280395 0.603343 
666.055051 697.063794 173.861198 0.858834 
666.834997 696.656154 165.466427 1.123379 
667.165475 696.349566 165.420661 1.128676 
667.960782 695.951057 174.671868 0.895265 
669.041043 695.051673 174.419345 0.899548 
669.852678 694.666081 167.070675 1.155292 
670.160225 694.441165 164.197367 1.222423 
671.033634 694.060274 180.469812 1.061823 
671.803377 693.746453 172.910602 0.911181 
672.187879 693.234470 174.672013 0.895267 
672.926065 692.895474 183.220958 0.955160 
673.340851 692.474997 157.902817 0.948365 
673.989494 691.988943 181.018180 0.810978 
674.999620 690.999620 180.961307 0.785398 
675.988957 689.989508 181.020399 0.759847 
676.475586 689.341706 157.887270 0.623031 
676.899424 688.928111 183.447653 0.620570 
677.245733 688.211477 174.103090 0.710615 
677.847572 687.847419 180.958981 0.785901 
678.213401 687.250274 173.792459 0.864756 
678.942021 686.913652 184.041113 0.979481 
680.087141 686.163368 179.076539 1.080782 
680.952579 685.888198 177.069096 1.169643 
681.918197 685.604554 166.483407 1.366810 
683.072012 685.411650 165.495518 1.397614 
684.054838 685.198995 169.096606 1.301897 
684.995472 684.985204 165.521396 1.273790 
685.836970 684.683649 153.809030 1.094947 
686.257752 684.363501 150.524927 0.954001 
686.976551 683.970439 174.353351 0.900191 
687.687478 683.511892 157.008006 1.001291 
688.097460 683.173338 177.801809 1.058595 
688.947314 682.884534 178.161051 1.142721 
689.843343 682.540935 163.468680 1.241935 
690.144389 682.330659 167.000970 1.159082 
690.954967 681.944296 174.176154 0.890930 
691.493075 681.420585 149.270251 0.706225 
691.949307 680.958169 171.953824 0.689899 
692.342597 680.197552 146.821057 0.523059 
692.500498 679.829521 144.380887 0.328901 
692.746205 678.973204 158.760076 0.105190 
692.958004 677.984267 169.025886 0.358457 
693.245585 677.140426 163.732863 0.519428 
693.578914 676.781243 154.812281 0.479132 
693.824418 675.980358 159.269766 0.111402 
693.759283 675.052058 166.379359 -0.212983 
693.544836 674.123982 163.680051 -0.265937 
693.413010 673.872445 165.298756 -0.299550 
693.037270 672.977855 178.521412 -0.536131 
692.701665 672.299039 161.842733 -0.786576 
692.016709 671.970730 177.218240 -1.052071 
691.078310 671.626857 166.204740 -1.363933 
690.002597 671.529137 163.305665 -1.565282 
688.952406 671.656075 164.259231 -1.708307 
687.979720 671.881618 160.155562 -1.740462 
687.017664 671.914378 137.693011 -1.367352 
686.095297 670.983460 136.938420 -0.171851 
686.188246 670.062150 157.802188 0.318887 
686.952846 668.955890 174.021227 0.752057 
688.072917 668.127611 177.103130 1.051669 
688.932185 667.850067 176.988499 1.146029 
689.870927 667.552150 163.908989 1.290195 
690.120272 667.443017 163.966418 1.305702 
691.057374 667.209487 169.002392 1.303471 
692.008236 667.044269 166.201261 1.386860 
692.990730 666.950166 166.214647 1.386875 
693.940769 666.783685 169.030921 1.303529 
694.877171 666.546743 163.991181 1.306161 
695.122655 666.431957 164.945084 1.294127 
696.053760 666.127367 176.959506 1.171395 
696.945985 665.872529 177.051963 1.169989 
697.867285 665.565806 165.511301 1.274157 
698.132715 665.434195 165.511301 1.274157 
699.054028 665.127485 177.055185 1.169946 
699.945972 664.872515 177.055185 1.169946 
700.867293 664.565814 165.510763 1.274168 
701.132691 664.434189 165.508888 1.274205 
702.054026 664.128013 176.956295 1.171438 
702.950692 663.876945 176.052654 1.189690 
703.927179 663.604934 166.186515 1.388517 
704.981213 663.506806 163.540053 1.532722 
706.018812 663.493189 163.540368 1.532672 
707.073346 663.394306 166.224730 1.386886 
708.047255 663.111969 176.956295 1.171438 
708.915503 662.839755 178.939392 1.085548 
710.084520 662.160272 178.943244 1.085507 
710.952489 661.887892 177.055185 1.169946 
711.917570 661.604619 166.525056 1.365258 
713.080749 661.395942 166.387552 1.369614 
714.047383 661.130204 173.897538 1.221784 
714.979129 660.899880 166.650265 1.365277 
716.019521 660.927353 165.077051 1.833304 
716.870691 661.207763 164.040294 2.127515 
717.245806 661.759546 153.513830 2.367200 
717.681551 662.187581 153.076759 2.609267 
718.044463 662.980326 166.998849 2.725003 
718.367145 663.770887 160.667345 2.583686 
718.770574 664.153685 169.792257 2.551377 
719.099191 664.936560 182.239783 2.572583 
719.829101 666.085156 176.543644 2.679322 
720.088030 666.975708 169.104522 2.872343 
720.201971 668.001355 163.023587 -3.134885 
720.174495 668.973236 160.125323 2.989397 
720.420941 669.766276 156.380739 2.634734 
720.773740 670.144374 168.122195 2.573636 
721.101913 670.934208 182.415943 2.568337 
721.911007 672.060230 184.248079 2.546611 
722.248459 672.789926 174.222429 2.439712 
722.829434 673.160520 180.670052 2.386527 
723.170062 673.841156 180.392675 2.390289 
723.737081 674.214986 172.367647 2.456159 
724.054041 674.969847 180.468079 2.632657 
724.419807 675.859408 166.207669 2.818435 
724.578504 676.140431 166.132040 2.819986 
724.932406 677.035823 179.105136 2.654259 
725.243357 677.843143 168.297424 2.569055 
725.634827 678.225244 160.481651 2.588901 
725.952348 679.020736 167.001785 2.731155 
726.288837 679.844948 155.024333 2.648929 
726.613998 680.265550 149.176521 2.539001 
726.992745 681.004816 169.635763 2.555547 
727.353463 681.852117 166.116674 2.745340 
727.564030 682.155972 164.198409 2.798023 
727.939860 683.033531 180.446334 2.632965 
728.253202 683.803849 172.920291 2.482480 
728.761437 684.189488 174.419248 2.470345 
729.092741 684.937792 184.057578 2.550755 
729.907494 686.062090 184.084676 2.550457 
730.239540 686.808070 174.670218 2.466093 
730.760168 687.192057 174.640096 2.466366 
731.090285 687.939944 183.896094 2.554617 
731.848951 689.084282 180.468977 2.632648 
732.151049 689.915718 180.468977 2.632648 
732.909715 691.060056 183.896094 2.554617 
733.239832 691.807943 174.640096 2.466366 
733.760460 692.191930 174.670218 2.466093 
734.092507 692.937909 184.084760 2.550456 
734.907494 694.062090 184.084844 2.550455 
735.239565 694.808038 174.671916 2.466064 
735.760435 695.191962 174.671916 2.466064 
736.092505 695.937910 184.084760 2.550456 
736.907255 697.062209 184.056468 2.550764 
737.238516 697.810679 174.385979 2.470677 
737.746339 698.195858 172.731389 2.484081 
738.052805 698.972037 179.083807 2.654580 
738.382805 699.911989 166.862738 2.915610 
738.619908 701.089414 166.775128 2.910549 
738.968503 702.017897 177.887041 2.624873 
739.297308 702.713264 164.007427 2.374294 
739.946475 703.073656 182.496805 2.199206 
741.041236 703.950247 174.711364 2.262862 
741.564911 704.345393 150.135536 2.470616 
741.929443 705.033428 165.445131 2.699146 
742.288956 705.840954 155.285419 2.638429 
742.634513 706.262682 150.784501 2.518414 
743.031393 706.974844 174.673711 2.466034 
743.901316 708.069843 183.248229 2.525688 
744.244473 708.791622 174.467364 2.435732 
744.829455 709.160743 180.703617 2.385773 
745.170553 709.839241 180.705604 2.385746 
745.755824 710.208262 174.502733 2.435406 
746.101334 710.927574 183.446271 2.521052 
746.531690 711.339878 158.106714 2.513790 
747.021055 711.978943 180.958955 2.356167 
747.660948 712.467734 158.118832 2.198027 
748.074260 712.895119 183.206435 2.186896 
748.812136 713.234436 174.673711 2.246355 
749.196625 713.746451 172.910575 2.230413 
749.966365 714.060276 180.469888 2.079771 
750.839722 714.441266 164.197349 1.919202 
751.147274 714.666510 167.087899 1.986655 
751.956656 715.054093 174.671916 2.246325 
753.008697 715.990764 180.704084 2.326112 
753.658949 716.475621 157.873745 2.192883 
754.073794 716.895734 183.248137 2.186700 
754.809722 717.235413 174.925961 2.250564 
755.192501 717.759854 174.630652 2.246513 
755.939967 718.090245 183.897253 2.157800 
757.084376 718.848665 180.445439 2.079415 
757.918238 719.148147 180.320426 2.075098 
759.084681 719.839536 178.961621 2.056377 
759.952744 720.111954 176.960222 1.970208 
760.926012 720.394182 166.263386 1.756337 
761.970845 720.497382 163.311542 1.629347 
762.029136 720.502608 163.311167 1.629308 
763.073465 720.605056 166.224730 1.754707 
764.049309 720.876959 176.056411 1.951956 
764.945831 721.128226 176.973337 1.970501 
765.863519 721.438484 165.480904 1.872547 
766.137195 721.583778 166.228047 1.889201 
767.030002 721.946192 180.446214 2.079445 
767.784517 722.263249 172.355175 2.256747 
768.157233 722.833179 180.703503 2.326616 
768.822073 723.178024 180.250215 2.355923 
769.167148 723.841183 181.015915 2.381748 
769.750969 724.210669 174.182297 2.439452 
770.086874 724.941686 184.086069 2.550426 
770.848945 726.084297 180.470668 2.632588 
771.151411 726.915415 180.442877 2.632136 
771.929135 728.050588 182.781755 2.521622 
772.288222 728.702381 164.141111 2.340155 
772.978255 729.036895 179.079856 2.103370 
773.871857 729.411696 165.480805 1.872548 
774.125569 729.541941 163.770159 1.838356 
775.055443 729.766790 167.565455 1.804204 
776.000000 729.898816 163.409759 1.570797 
776.944570 729.766814 167.566084 1.337421 
777.874673 729.541998 163.812853 1.303696 
778.126958 729.414904 165.518440 1.273849 
779.030051 729.054117 180.295195 1.063902 
779.787729 728.737891 172.066249 0.890074 
780.160835 728.178036 178.211690 0.836112 
780.879539 727.842453 172.455020 0.918016 
781.259422 727.439826 154.935347 1.037889 
782.022039 727.182515 159.153716 1.450625 
782.954774 727.238144 165.937374 1.758473 
783.954236 727.417118 164.402175 1.680074 
785.061073 727.400483 165.310850 1.419464 
786.047202 727.112461 176.798536 1.173409 
786.912753 726.836581 179.037509 1.080408 
788.050684 726.071011 182.706792 0.950902 
788.702744 725.712844 163.958132 0.768118 
789.031346 725.017755 177.754593 0.515354 
789.379871 724.080546 166.371515 0.208940 
789.493050 723.017571 163.517163 0.035623 
789.493238 721.983465 163.525115 -0.033511 
789.394122 720.926586 166.224288 -0.184163 
789.107921 719.953839 177.016631 -0.404184 
788.822214 719.100694 177.758181 -0.515331 
788.453297 718.694311 158.690315 -0.593316 
787.977216 718.022591 180.587385 -0.781138 
787.339936 717.532168 158.090134 -0.942428 
786.927577 717.101324 183.443139 -0.950231 
786.208260 716.755827 174.502729 -0.864610 
785.839228 716.170575 180.703503 -0.814976 
785.160440 715.829614 180.706079 -0.815454 
784.789795 715.248749 174.191045 -0.869183 
784.058203 714.913230 184.057497 -0.979959 
782.912825 714.162887 179.195952 -1.079397 
782.051892 713.883667 178.058409 -1.151219 
781.136964 713.562518 165.554161 -1.267389 
780.862536 713.416514 166.240036 -1.252017 
779.969967 713.053865 180.446334 -1.062169 
779.214984 712.737079 172.366478 -0.885370 
778.841156 712.170063 180.392468 -0.819494 
778.160506 711.829440 180.668061 -0.815758 
777.789823 711.248727 174.190421 -0.869205 
777.058338 710.913084 184.084676 -0.979660 
775.915593 710.151380 180.446271 -1.062149 
775.081766 709.851851 180.321390 -1.066485 
773.915264 709.160017 179.082874 -1.083794 
773.051841 708.883571 178.022669 -1.151894 
772.133165 708.566796 165.579648 -1.272568 
771.867041 708.434499 165.518979 -1.273838 
770.945957 708.128033 176.960222 -1.171385 
770.049581 707.876803 176.146710 -1.188181 
769.081950 707.603825 166.483065 -1.366820 
767.917434 707.395123 166.530907 -1.364798 
766.953647 707.107789 177.084822 -1.164672 
766.101308 706.822558 177.246816 -1.052022 
765.692102 706.428874 157.856741 -0.948143 
765.068775 705.941321 173.748356 -0.706346 
764.674499 705.143954 167.053116 -0.416394 
764.460052 704.842947 163.419296 -0.328975 
764.118859 703.946346 178.117354 -0.424024 
763.837401 703.087088 179.217679 -0.491722 
763.086771 701.941797 184.057578 -0.590838 
762.751253 701.210203 174.191060 -0.701612 
762.170409 700.839548 180.703877 -0.755315 
761.829591 700.160452 180.703981 -0.755315 
761.248746 699.789794 174.192250 -0.701620 
760.913085 699.058338 184.084844 -0.591137 
760.151094 697.915688 180.469886 -0.508974 
759.848906 697.084312 180.469888 -0.508975 
759.086876 695.941685 184.086109 -0.591166 
758.750976 695.210651 174.185071 -0.702113 
758.167473 694.841043 181.018393 -0.759315 
757.823405 694.175027 180.626262 -0.780939 
757.176594 693.824973 180.626365 -0.780940 
756.832521 693.158971 181.020508 -0.759342 
756.248756 692.789449 174.218296 -0.702410 
755.910901 692.060346 184.278066 -0.595318 
755.092500 690.937906 184.087377 -0.591194 
754.760123 690.192405 174.662596 -0.676019 
754.235436 689.809691 174.927778 -0.679797 
753.895700 689.073822 183.249617 -0.615932 
753.475098 688.659077 157.902726 -0.622430 
752.989187 688.010263 181.018289 -0.759314 
752.012578 686.988163 180.670155 -0.755066 
751.539888 686.307283 158.527140 -0.588816 
751.176864 685.899605 177.910784 -0.516283 
750.887328 685.050857 178.117046 -0.423993 
750.562834 684.137041 165.564666 -0.303774 
750.416576 683.862501 166.239860 -0.318811 
750.053867 682.969966 180.446408 -0.508628 
749.737079 682.214984 172.366478 -0.685426 
749.170063 681.841156 180.392468 -0.751302 
748.829440 681.160506 180.668061 -0.755039 
748.248727 680.789823 174.190421 -0.701591 
747.913083 680.058339 184.084760 -0.591137 
747.151094 678.915688 180.469886 -0.508974 
746.848906 678.084312 180.469886 -0.508974 
746.086915 676.941662 184.084844 -0.591137 
745.751254 676.210206 174.192250 -0.701620 
745.170409 675.839548 180.703981 -0.755315 
744.829591 675.160452 180.703981 -0.755315 
744.248746 674.789794 174.192250 -0.701620 
743.913085 674.058338 184.084844 -0.591137 
743.151095 672.915687 180.469812 -0.508974 
742.848952 672.084281 180.469050 -0.508945 
742.090285 670.939944 183.896094 -0.586976 
741.760168 670.192057 174.640096 -0.675227 
741.239540 669.808070 174.670218 -0.675500 
740.907493 669.062091 184.084760 -0.591137 
740.092507 667.937909 184.084760 -0.591137 
739.760460 667.191930 174.670218 -0.675500 
739.239832 666.807943 174.640096 -0.675227 
738.909715 666.060056 183.896094 -0.586976 
738.151049 664.915718 180.468977 -0.508945 
737.848952 664.084281 180.468903 -0.508944 
737.090520 662.939827 183.869058 -0.586675 
736.761169 662.189580 174.386511 -0.670937 
736.253092 661.803961 172.913712 -0.659046 
735.939889 661.033411 180.324440 -0.507300 
735.566671 660.145589 163.440099 -0.324129 
735.367435 659.857226 164.110612 -0.370613 
735.028313 658.984862 156.247795 -0.491004 
734.469633 658.564467 125.089892 -0.747743 
734.081223 657.918955 125.707641 -0.784296 
733.344920 657.617856 122.950822 -0.836552 
733.104523 656.874914 139.274085 -0.874718 
732.663433 656.376655 140.242961 -0.841546 
732.097915 655.907485 164.272671 -0.757050 
731.742270 655.278575 154.241530 -0.824247 
731.083523 654.887647 143.291335 -0.931536 
730.825523 654.142110 134.129779 -0.683516 
729.900520 653.076838 134.869403 -0.657684 
728.903674 652.103441 161.902488 -0.821002 
728.286421 651.761093 160.261103 -0.695196 
727.905384 651.068882 181.051575 -0.629282 
727.468871 650.660239 157.443154 -0.627070 
726.979297 650.020692 180.923797 -0.785126 
726.343876 649.530308 157.658248 -0.938830 
725.935239 649.085899 182.733659 -0.924792 
725.281657 648.720763 166.614624 -0.781083 
724.925802 648.052983 183.461832 -0.620106 
724.089050 646.939562 184.243755 -0.596289 
723.750225 646.213245 173.785154 -0.706666 
723.150967 645.847826 180.625898 -0.789380 
722.781783 645.264457 171.952771 -0.880906 
722.029782 644.946645 180.422715 -1.061689 
721.137201 644.583804 166.227869 -1.252359 
720.863519 644.438485 165.480805 -1.269044 
719.945820 644.128238 176.976553 -1.171049 
719.049576 643.876802 176.144316 -1.188214 
718.081269 643.603754 166.437359 -1.368504 
716.929625 643.413157 165.379865 -1.402081 
715.950435 643.228983 167.206193 -1.357627 
714.999986 643.101078 163.433305 -1.570662 
714.048615 643.229360 167.064262 -1.779665 
713.047684 643.417060 164.498065 -1.684637 
711.952313 643.417071 164.497800 -1.456954 
710.951308 643.229652 167.057327 -1.361864 
709.999912 643.107962 163.286116 -1.569978 
709.056507 643.272004 165.435623 -1.775627 
707.961381 643.549791 157.817261 -1.656366 
707.003209 643.721338 154.545042 -1.559282 
706.014932 643.844643 134.729958 -1.474979 
705.053225 643.802303 105.450854 -1.307807 
704.398359 642.332051 95.454577 0.694865 
705.216318 642.163270 128.450517 0.646546 
705.696286 641.844368 126.094763 0.473541 
706.069645 641.065074 170.473737 0.751482 
706.794806 640.816559 169.641073 0.729483 
707.129110 640.128064 180.051224 0.781332 
707.794430 639.796860 179.424849 0.779454 
708.163909 639.165107 180.552762 0.789041 
708.832940 638.824405 180.791554 0.810303 
709.209182 638.247122 174.212073 0.868354 
709.939106 637.910105 184.268083 0.975408 
711.060363 637.089119 184.279355 0.975450 
711.789446 636.751241 174.218376 0.868384 
712.158959 636.167458 181.022630 0.811427 
712.824711 635.823310 180.626004 0.789379 
713.173489 635.173655 180.961331 0.785875 
713.826245 634.826236 180.959066 0.785425 
714.173744 634.173745 180.961311 0.785399 
714.826255 633.826255 180.961307 0.785398 
715.173745 633.173745 180.961311 0.785398 
715.826255 632.826255 180.961311 0.785398 
716.173745 632.173745 180.961307 0.785398 
716.826256 631.826255 180.961311 0.785399 
717.173755 631.173764 180.959066 0.785425 
717.826511 630.826345 180.961331 0.785875 
718.175289 630.176690 180.626004 0.789379 
718.841041 629.832542 181.022626 0.811427 
719.210553 629.248757 174.218278 0.868385 
719.939655 628.910901 184.278066 0.975478 
721.062116 628.092539 184.086112 0.979631 
721.808039 627.760436 174.672010 0.895267 
722.191962 627.239565 174.671919 0.895268 
722.937910 626.907494 184.084844 0.979659 
724.062091 626.092507 184.084760 0.979660 
724.808071 625.760461 174.670124 0.895297 
725.192055 625.239834 174.638944 0.895578 
725.940081 624.909862 183.868974 0.984122 
727.087144 624.162844 179.194339 1.079436 
727.948243 623.883865 178.040843 1.151552 
728.866556 623.566489 165.590923 1.272180 
729.133443 623.433522 165.590425 1.272190 
730.051845 623.116434 178.023419 1.151884 
730.915265 622.839984 179.082803 1.083794 
732.081859 622.148433 180.298050 1.066813 
732.918138 621.851543 180.293172 1.066862 
734.083195 621.158529 178.745244 1.087514 
734.956417 620.886957 174.728847 1.202815 
736.000004 620.617073 163.409759 1.570808 
737.043508 620.887267 174.743243 1.939120 
737.914438 621.161324 178.853879 2.058448 
739.059938 621.909825 183.863383 2.157425 
739.807949 622.239829 174.638947 2.246015 
740.191929 622.760461 174.670218 2.246296 
740.937883 623.092540 184.086028 2.161961 
742.060345 623.910901 184.278063 2.166115 
742.789449 624.248756 174.218296 2.273206 
743.158971 624.832521 181.020508 2.330138 
743.824973 625.176594 180.626368 2.351736 
744.175027 625.823406 180.626368 2.351736 
744.841029 626.167479 181.020511 2.330138 
745.210550 626.751245 174.218394 2.273207 
745.939629 627.089131 184.279353 2.166143 
747.060371 627.910869 184.279355 2.166143 
747.789448 628.248756 174.218376 2.273208 
748.158959 628.832542 181.022630 2.330165 
748.824711 629.176690 180.626001 2.352214 
749.173489 629.826346 180.961328 2.355719 
749.826227 630.173773 180.956713 2.356195 
750.173655 630.826519 180.959088 2.356697 
750.823169 631.175334 180.588683 2.360447 
751.167116 631.842640 180.706183 2.386249 
751.736758 632.215469 172.359057 2.455660 
752.053994 632.969870 180.469888 2.632618 
752.420179 633.859098 166.219269 2.818038 
752.579821 634.140902 166.219271 2.818038 
752.946008 635.030128 180.469830 2.632617 
753.263248 635.784514 172.356342 2.455634 
753.833179 636.157234 180.703607 2.385772 
754.178024 636.822073 180.250215 2.356466 
754.841183 637.167148 181.015915 2.330641 
755.210669 637.750969 174.182297 2.272937 
755.941687 638.086873 184.085983 2.161962 
757.084407 638.848620 180.446273 2.079444 
757.918234 639.148149 180.321390 2.075107 
759.084736 639.839983 179.082874 2.057799 
759.948159 640.116429 178.022669 1.989699 
760.866835 640.433204 165.579648 1.869025 
761.132959 640.565503 165.518979 1.867755 
762.054030 640.871981 176.957011 1.970165 
762.950692 641.123056 176.052654 1.951903 
763.927198 641.395073 166.185019 1.753027 
764.982067 641.493132 163.541336 1.607146 
765.998579 641.499850 163.433963 1.573638 
766.999958 641.500000 163.433304 1.570880 
768.000000 641.500000 163.433303 1.570796 
769.000000 641.500000 163.433303 1.570796 
770.000042 641.500000 163.433304 1.570713 
771.001421 641.499850 163.433963 1.567954 
772.017958 641.493127 163.541637 1.534396 
773.073327 641.394314 166.223220 1.386935 
774.047254 641.111963 176.957011 1.171428 
774.915320 640.839538 178.961621 1.085215 
776.081762 640.148147 180.320426 1.066495 
776.915625 639.848667 180.445363 1.062179 
778.060174 639.090521 183.868890 0.984122 
778.810450 638.761196 174.386073 0.899880 
779.196221 638.253464 172.888855 0.912012 
779.968003 637.942069 180.343785 1.066168 
780.859155 637.579485 166.207519 1.247606 
781.140864 637.420110 166.219418 1.247274 
782.030129 637.053993 180.469812 1.061823 
782.784533 636.736760 172.359076 0.884865 
783.157373 636.167138 180.703981 0.815481 
783.824937 635.823264 180.586851 0.790155 
784.175063 635.176736 180.586851 0.790155 
784.842627 634.832862 180.703877 0.815481 
785.215464 634.263242 172.357909 0.884874 
785.969994 633.946186 180.447168 1.062140 
786.862537 633.583490 166.240036 1.252017 
787.136962 633.437491 165.553612 1.267400 
788.051980 633.116634 178.040904 1.151552 
788.915265 632.839988 179.083736 1.083784 
790.081766 632.148150 180.321317 1.066486 
790.915628 631.848670 180.444466 1.062188 
792.059782 631.090202 183.714356 0.985505 
792.812800 630.754075 172.173297 0.920159 
793.178612 630.245836 168.982923 0.942474 
793.995638 629.986176 165.544105 1.265174 
795.004362 629.986176 165.544105 1.876419 
795.821389 630.245835 168.982834 2.199118 
796.187198 630.754074 172.172181 2.221425 
796.940354 631.090057 183.686396 2.155778 
798.086924 631.836981 179.064634 2.060662 
798.952682 632.112788 176.789142 1.968027 
799.940737 632.401751 165.169902 1.717253 
801.068201 632.388497 165.241959 1.397017 
802.018605 632.033022 177.526142 1.057719 
802.713710 631.703605 163.948673 0.802738 
803.071291 631.050883 182.695274 0.619884 
803.838326 629.914146 178.825612 0.488165 
804.112689 629.043495 174.743297 0.368356 
804.382928 628.000000 163.409759 0.000001 
804.112731 626.956493 174.743299 -0.368325 
803.838625 626.085595 178.854542 -0.487682 
803.086385 624.942000 184.036469 -0.591280 
802.749722 624.213416 173.789840 -0.706067 
802.152320 623.847689 180.958959 -0.785371 
801.786678 623.250013 173.824449 -0.864422 
801.060172 622.911251 184.263067 -0.974990 
799.939605 622.089171 184.278025 -0.975477 
799.210105 621.751523 174.225550 -0.868878 
798.839533 621.170415 180.706079 -0.815454 
798.160452 620.829592 180.703981 -0.815481 
797.789801 620.248742 174.191063 -0.869184 
797.058222 619.913192 184.051868 -0.980005 
795.914399 619.161385 178.854602 -1.083116 
795.043505 618.887289 174.746271 -1.202428 
794.000645 618.617349 163.421763 -1.569112 
792.954751 618.875784 173.926713 -1.920133 
792.053134 619.126754 176.776214 -1.967734 
791.132588 619.433992 165.504371 -1.867298 
790.867337 619.565812 165.505936 -1.867329 
789.945961 619.871972 176.959506 -1.970198 
789.049581 620.123197 176.146710 -1.953412 
788.081944 620.396169 166.482661 -1.774761 
786.918053 620.603838 166.483034 -1.774771 
785.950493 620.877108 176.162669 -1.953760 
785.055933 621.130763 177.019537 -1.974992 
784.156083 621.460513 163.381665 -1.897578 
783.855891 621.668822 167.001050 -1.981224 
783.041108 622.051791 174.384834 -2.241704 
781.958891 622.948208 174.385979 -2.241712 
781.144336 623.331369 167.018709 -1.981589 
780.843414 623.540508 163.461169 -1.899234 
779.946281 623.880881 178.099218 -1.994457 
779.084649 624.159725 179.105066 -2.058130 
777.918140 624.851566 180.298123 -2.074780 
777.081862 625.148457 180.293172 -2.074730 
775.916799 625.841458 178.745244 -2.054078 
775.043581 626.113023 174.731818 -1.938822 
774.000640 626.382653 163.421760 -1.572470 
772.954752 626.124209 173.927343 -1.221450 
772.053272 625.873039 176.793049 -1.173513 
771.136344 625.561785 165.477124 -1.269156 
770.862883 625.416561 166.214024 -1.252804 
769.968129 625.057747 180.320499 -1.066494 
769.196254 624.746504 172.889343 -0.911991 
768.810545 624.238536 174.417666 -0.899577 
768.062234 623.907225 184.058760 -0.979931 
766.939655 623.089098 184.277978 -0.975479 
766.210551 622.751245 174.218296 -0.868386 
765.841029 622.167479 181.020508 -0.811454 
765.175027 621.823406 180.626368 -0.789856 
764.824973 621.176594 180.626368 -0.789856 
764.158971 620.832521 181.020511 -0.811454 
763.789450 620.248755 174.218394 -0.868386 
763.060371 619.910869 184.279350 -0.975450 
761.939607 619.089170 184.278066 -0.975478 
761.210106 618.751523 174.225550 -0.868878 
760.839533 618.170415 180.706183 -0.815453 
760.160467 617.829585 180.706180 -0.815453 
759.789894 617.248478 174.225452 -0.868879 
759.060368 616.910862 184.276776 -0.975506 
757.937884 616.092539 184.086109 -0.979631 
757.191961 615.760436 174.672013 -0.895267 
756.808039 615.239564 174.672013 -0.895267 
756.062116 614.907461 184.086109 -0.979631 
754.939631 614.089139 184.276691 -0.975507 
754.210077 613.751542 174.223619 -0.868907 
753.839479 613.170566 180.670155 -0.815730 
753.158844 612.829938 180.392675 -0.819493 
752.785014 612.262920 172.367647 -0.885362 
752.030156 611.945955 180.468977 -1.061852 
751.140863 611.579892 166.219322 -1.247276 
750.859158 611.420523 166.206932 -1.247617 
749.967865 611.058225 180.321390 -1.066485 
749.193579 610.747691 172.648758 -0.916361 
748.806422 610.252312 172.647729 -0.916369 
748.032009 609.941958 180.298050 -1.066813 
747.137133 609.583439 166.216030 -1.252767 
746.863559 609.438409 165.481124 -1.269079 
745.945820 609.128238 176.976492 -1.171049 
745.049579 608.876810 176.147398 -1.188171 
744.081944 608.603831 166.482661 -1.366832 
742.918076 608.396173 166.480988 -1.366881 
741.950406 608.123755 176.055725 -1.189646 
741.049595 607.876244 176.055725 -1.189646 
740.081906 607.603821 166.479316 -1.366929 
738.919217 607.396108 166.387552 -1.369614 
737.951704 607.132563 173.929539 -1.221415 
737.020828 606.903023 167.160064 -1.359241 
735.979172 606.903023 167.160064 -1.782352 
735.048296 607.132563 173.929539 -1.920178 
734.080783 607.396108 166.387552 -1.771978 
732.918095 607.603827 166.479316 -1.774663 
731.950494 607.876424 176.047590 -1.951831 
731.049315 608.124485 175.790462 -1.947981 
730.059409 608.401797 165.210151 -1.717591 
728.940591 608.401796 165.210169 -1.424000 
727.950695 608.124446 175.791105 -1.193569 
727.049595 607.876509 176.023950 -1.188907 
726.081085 607.623503 165.586023 -1.358671 
725.089431 607.537086 153.022805 -1.379956 
724.838870 607.352748 148.126396 -1.142314 
724.191352 606.859868 142.027802 -0.632094 
723.871774 605.986616 154.358415 0.103999 
724.143997 605.066765 173.651773 0.434154 
724.833661 603.913129 178.545772 0.481291 
725.115555 603.051429 178.009666 0.418739 
725.433489 602.133432 165.590381 0.298606 
725.566480 601.866558 165.590381 0.298606 
725.883559 600.948154 178.022669 0.418903 
726.159806 600.084558 179.061422 0.486680 
726.840194 598.915442 179.061422 0.486680 
727.116441 598.051846 178.022669 0.418903 
727.433519 597.133441 165.590381 0.298606 
727.566481 596.866559 165.590381 0.298606 
727.883559 595.948154 178.022669 0.418903 
728.159806 595.084558 179.061422 0.486680 
728.840195 593.915442 179.061422 0.486680 
729.116436 593.051843 178.021920 0.418893 
729.433204 592.133165 165.579648 0.298229 
729.565503 591.867041 165.518979 0.296958 
729.871981 590.945970 176.957011 0.399368 
730.123055 590.049308 176.052654 0.381106 
730.395066 589.072821 166.186515 0.182280 
730.493194 588.018787 163.540053 0.038074 
730.506806 586.981213 163.540053 0.038074 
730.604934 585.927179 166.186515 0.182280 
730.876945 584.950692 176.052654 0.381106 
731.128013 584.054026 176.956295 0.399359 
731.434180 583.132683 165.508349 0.296581 
731.565818 582.867317 165.508349 0.296581 
731.871972 581.945961 176.959506 0.399402 
732.123197 581.049581 176.146710 0.382616 
732.396169 580.081944 166.482661 0.203964 
732.603827 578.918076 166.480988 0.203916 
732.876245 577.950406 176.055725 0.381150 
733.123755 577.049594 176.055725 0.381150 
733.396173 576.081924 166.480988 0.203916 
733.603831 574.918056 166.482661 0.203964 
733.876803 573.950419 176.146710 0.382616 
734.128028 573.054039 176.959506 0.399402 
734.434182 572.132683 165.508349 0.296581 
734.565818 571.867317 165.508349 0.296581 
734.871972 570.945961 176.959506 0.399402 
735.123197 570.049581 176.146710 0.382616 
735.396169 569.081944 166.482661 0.203964 
735.603828 567.918076 166.480988 0.203916 
735.876258 566.950417 176.052654 0.381106 
736.123614 566.049321 175.962059 0.379639 
736.395071 565.072802 166.185019 0.182231 
736.493194 564.018787 163.540053 0.038074 
736.506806 562.981213 163.540053 0.038074 
736.604930 561.927198 166.185019 0.182231 
736.876399 560.950690 175.958999 0.379595 
737.123601 560.049310 175.958999 0.379595 
737.395070 559.072802 166.185019 0.182231 
737.493194 558.018787 163.540053 0.038074 
737.506806 556.981213 163.540053 0.038074 
737.604930 555.927198 166.185019 0.182231 
737.876399 554.950690 175.958999 0.379595 
738.123601 554.049310 175.958999 0.379595 
738.395070 553.072802 166.185019 0.182231 
738.493194 552.018787 163.540053 0.038074 
738.506811 550.981188 163.540368 0.038124 
738.605694 549.926654 166.224730 0.183910 
738.888031 548.952745 176.956295 0.399359 
739.160249 548.084501 178.940251 0.485257 
739.840199 546.915446 179.060560 0.486671 
740.116436 546.051843 178.021920 0.418893 
740.433204 545.133165 165.579648 0.298229 
740.565501 544.867041 165.518979 0.296958 
740.871968 543.945958 176.960222 0.399411 
741.123205 543.049578 176.143628 0.382572 
741.396246 542.081269 166.437359 0.202292 
741.586843 540.929625 165.379865 0.168715 
741.771017 539.950435 167.206193 0.213169 
741.898936 538.999995 163.433304 0.000051 
741.771107 538.049129 167.155473 -0.211428 
741.587413 537.059866 165.144807 -0.144094 
741.508866 536.000025 163.433304 -0.000051 
741.588103 534.940940 165.092936 0.142416 
741.762793 533.954209 166.041598 0.190696 
741.822779 533.020518 159.331641 -0.115265 
741.579181 532.232227 156.155798 -0.504258 
741.226528 531.855917 167.980758 -0.566505 
740.898132 531.065758 182.411467 -0.573218 
740.088953 529.939793 184.249452 -0.595011 
739.751243 529.210550 174.217084 -0.702403 
739.167457 528.841041 181.022517 -0.759370 
738.823302 528.175306 180.623740 -0.781444 
738.173364 527.826636 180.961307 -0.785398 
737.824694 527.176698 180.623633 -0.789352 
737.158945 526.832549 181.020402 -0.811454 
736.789350 526.249026 174.183859 -0.868691 
736.058179 525.913269 184.057734 -0.979939 
734.913026 525.163096 179.066309 -1.080891 
734.047236 524.887424 176.793108 -1.173512 
733.059987 524.598894 165.239000 -1.422343 
731.940013 524.598894 165.239000 -1.719250 
730.952763 524.887422 176.793049 -1.968080 
730.086940 525.163045 179.065501 -2.060671 
728.939963 525.909625 183.840851 -2.157161 
728.189547 526.238804 174.384928 -2.241705 
727.803780 526.746537 172.888762 -2.229580 
727.031997 527.057931 180.343787 -2.075425 
726.140845 527.420515 166.207423 -1.893988 
725.859130 527.579917 166.219269 -1.894351 
724.970093 527.946462 180.446283 -2.080230 
724.218219 528.264455 171.953944 -2.260695 
723.849033 528.847826 180.626005 -2.352213 
723.249775 529.213245 173.785157 -2.434926 
722.910949 529.939561 184.243715 -2.545303 
722.073773 531.052731 183.447653 -2.521023 
721.716780 531.716780 166.276344 -2.356194 
721.052731 532.073773 183.447657 -2.191366 
719.939566 532.910953 184.246831 -2.167063 
719.213308 533.249982 173.826420 -2.277199 
718.847679 533.847680 180.961311 -2.356196 
718.250015 534.213323 173.824570 -2.435219 
717.911249 534.939827 184.263029 -2.545785 
717.088754 536.060179 184.259915 -2.545762 
716.750192 536.786740 173.783303 -2.434955 
716.150967 537.152173 180.626007 -2.352214 
715.781781 537.735546 171.954039 -2.260695 
715.029928 538.053571 180.447135 -2.080261 
714.141119 538.420102 166.176380 -1.894868 
713.857825 538.583312 166.159941 -1.899614 
712.977825 538.962830 178.689370 -2.108702 
712.299177 539.298433 161.868174 -2.357440 
711.968660 539.982035 177.397666 -2.621087 
711.618828 540.908069 166.594815 -2.904933 
711.291993 542.106355 164.169916 -2.792290 
710.896347 542.899611 164.148249 -2.372189 
710.148615 543.310929 164.887062 -2.016665 
709.844238 543.548512 162.749950 -1.903007 
708.946309 543.881362 178.053068 -1.995777 
708.087287 544.161493 178.664094 -2.066318 
706.961992 544.954053 173.979816 -2.261914 
706.467659 545.355968 148.196365 -2.490981 
706.142773 546.048740 163.419252 -2.812615 
705.954212 546.989226 166.769869 -2.910496 
705.744536 547.902055 169.061556 -2.775477 
705.075144 549.053202 178.617621 -2.525516 
704.732059 549.709328 160.006728 -2.315526 
703.998948 549.997436 167.122376 -1.960269 
702.999650 550.200652 162.736609 -1.569053 
702.006565 550.107420 163.305660 -1.631832 
701.096078 550.277408 167.142489 -1.904210 
699.953490 550.932335 181.019176 -2.172990 
699.295794 551.287200 163.952878 -2.370934 
698.962282 551.977670 179.188847 -2.607057 
698.583351 552.857828 166.155499 -2.812754 
698.416839 553.142444 166.121714 -2.812310 
698.037262 554.022232 178.688637 -2.603651 
697.701762 554.700991 161.861042 -2.354904 
697.017726 555.031051 177.242857 -2.089530 
696.080795 555.379991 166.329166 -1.780299 
695.019843 555.492994 163.532120 -1.611025 
693.980179 555.507017 163.533675 -1.610981 
692.919534 555.619881 166.370088 -1.779403 
691.979646 555.963501 177.498897 -2.079494 
691.259358 556.300853 162.045577 -2.282258 
690.906347 556.909748 166.753204 -2.374688 
690.127039 557.295400 134.009112 -1.976942 
688.901213 557.240898 151.594845 -1.181631 
688.061767 556.906886 174.937246 -0.985090 
687.607405 556.448122 146.116107 -0.851350 
687.147128 555.906260 157.730585 -0.567277 
686.834048 555.015178 158.566831 -0.091205 
686.892987 554.009244 162.942752 -0.086164 
686.705775 553.110630 165.299453 -0.359652 
686.478666 552.755383 153.828373 -0.472440 
685.986843 552.011887 178.219797 -0.734734 
685.053937 550.956811 174.637248 -0.675190 
684.666448 550.147309 167.087372 -0.415878 
684.440915 549.839673 164.209837 -0.348759 
684.056763 548.968030 180.573731 -0.512929 
683.738089 548.212263 172.104718 -0.681073 
683.177993 547.839192 178.215020 -0.734720 
682.841923 547.120841 172.441827 -0.652680 
682.438756 546.741243 154.930218 -0.532851 
682.181893 545.978446 159.091432 -0.117951 
682.243004 545.053637 166.253119 0.217243 
682.475850 544.142160 161.478942 0.290309 
682.666262 543.863881 165.803787 0.387267 
683.053503 543.042724 174.463696 0.673855 
683.990770 541.991309 180.704813 0.755335 
684.476173 541.341835 157.859776 0.622624 
684.899054 540.927926 183.459036 0.620049 
685.244209 540.208277 174.500800 0.706156 
685.829426 539.839230 180.703613 0.755819 
686.170392 539.160455 180.708275 0.755370 
686.751520 538.789892 174.225434 0.701919 
687.089137 538.060368 184.276779 0.595290 
687.907461 536.937884 184.086109 0.591166 
688.239564 536.191961 174.672010 0.675529 
688.760435 535.808038 174.671919 0.675529 
689.092505 535.062090 184.084760 0.591137 
689.907269 533.937800 184.056468 0.590829 
690.238817 533.189518 174.371237 0.670809 
690.747930 532.805426 172.712977 0.657373 
691.056690 532.029652 178.604145 0.481917 
691.399123 531.059325 164.416623 0.147558 
691.326718 529.913418 163.730291 -0.259050 
690.946329 529.039899 170.684711 -0.639265 
690.444989 528.540117 144.335356 -0.801857 
690.027775 527.976749 161.482916 -0.696976 
689.417377 527.556181 125.813270 -0.816092 
688.891252 527.231409 127.473049 -1.131487 
687.971163 526.860641 156.755237 -1.774843 
687.047576 527.121561 173.924313 -1.943846 
686.152425 527.452980 163.169676 -1.895388 
685.856735 527.671956 166.798087 -1.982556 
685.056717 528.067058 174.168287 -2.272841 
684.559737 528.660502 157.436273 -2.484707 
684.105078 529.075010 182.783255 -2.521628 
683.764962 529.809811 174.920422 -2.461276 
683.239881 530.192419 174.659718 -2.465547 
682.907534 530.937933 184.086071 -2.550426 
682.092506 532.062090 184.084847 -2.550455 
681.760435 532.808038 174.671919 -2.466064 
681.239564 533.191961 174.672010 -2.466063 
680.907461 533.937884 184.086112 -2.550427 
680.089101 535.060347 184.277896 -2.546273 
679.751284 535.789468 174.214117 -2.439147 
679.167300 536.159067 180.971961 -2.381417 
678.823823 536.823299 180.048705 -2.354709 
678.158781 537.174829 178.192240 -2.308129 
677.805037 537.746719 168.307894 -2.226818 
677.002327 538.007261 165.486411 -1.880877 
675.997673 538.007261 165.486411 -1.260716 
675.194963 537.746719 168.307894 -0.914775 
674.841219 537.174829 178.192240 -0.833463 
674.176176 536.823299 180.048705 -0.786884 
673.832700 536.159067 180.971964 -0.760176 
673.248714 535.789469 174.214215 -0.702446 
672.910867 535.060373 184.279183 -0.595348 
672.089170 533.939607 184.278066 -0.595318 
671.751523 533.210106 174.225550 -0.701918 
671.170415 532.839533 180.706183 -0.755343 
670.829585 532.160467 180.706180 -0.755343 
670.248478 531.789894 174.225452 -0.701918 
669.910862 531.060368 184.276776 -0.595290 
669.092540 529.937883 184.086025 -0.591165 
668.760461 529.191930 174.670313 -0.675500 
668.239832 528.807943 174.640098 -0.675227 
667.909716 528.060055 183.896010 -0.586975 
667.151334 526.915624 180.445437 -0.508618 
666.851853 526.081762 180.320426 -0.504301 
666.160462 524.915320 178.961621 -0.485581 
665.888038 524.047253 176.957011 -0.399368 
665.605693 523.073346 166.224730 -0.183910 
665.506811 522.018812 163.540368 -0.038124 
665.493193 520.981213 163.540053 -0.038074 
665.394627 519.927337 166.180723 -0.182091 
665.116609 518.954034 175.651019 -0.375484 
664.867035 518.045464 172.027370 -0.329464 
664.609459 516.969852 155.876101 0.077044 
664.881945 515.948472 139.107111 0.411549 
664.654118 514.981782 104.320471 0.052624 
664.855087 514.034954 131.136280 -0.236688 
664.863334 512.976456 157.295602 0.170602 
665.146335 512.068366 173.990601 0.437054 
665.827729 510.916210 176.011735 0.452693 
666.087697 510.023984 169.018405 0.266955 
666.195652 508.993392 163.487655 -0.033760 
666.098039 507.997301 162.685874 -0.027523 
666.183561 506.979389 154.546554 -0.111814 
665.134315 505.637634 148.452600 -1.215835 
