LinkedEdgelFile 0 0 972 1463 1 1732 1732
0 1732
890.999991 6.668627 163.433303 -1.570822 
889.999692 6.668671 163.433374 -1.571727 
888.995792 6.670360 163.445695 -1.583561 
887.976971 6.696185 163.865775 -1.646451 
886.961372 6.828505 166.941842 -1.792344 
886.023318 7.059011 171.055161 -1.947117 
885.175689 7.360080 161.719051 -2.024732 
884.818975 7.646729 161.919891 -2.044333 
883.994578 7.990020 175.394806 -2.068433 
883.174404 8.325207 163.983603 -2.063050 
882.808137 8.641796 162.202598 -2.062535 
881.994228 8.989452 175.419736 -2.071488 
881.175136 9.326233 163.842178 -2.063481 
880.808800 9.642838 162.188376 -2.062307 
879.994544 9.990010 175.344463 -2.070679 
879.175006 10.326679 163.786259 -2.062604 
878.808939 10.642338 162.132925 -2.061424 
877.994239 10.989432 175.273643 -2.069920 
877.174444 11.325634 163.785793 -2.062598 
876.808189 11.641278 162.011470 -2.061823 
875.993991 11.988995 175.240343 -2.070566 
875.174395 12.325259 163.796529 -2.062961 
874.808099 12.641203 162.006209 -2.061930 
873.993984 12.988981 175.240809 -2.070584 
873.174393 13.325257 163.796526 -2.062961 
872.808100 13.641198 162.005662 -2.061923 
871.993961 13.988937 175.235437 -2.070497 
871.174113 14.325100 163.791038 -2.062492 
870.807985 14.640219 161.950323 -2.061039 
869.993405 14.987881 175.202216 -2.069151 
869.172729 15.322956 163.906883 -2.061925 
868.806620 15.637380 161.780835 -2.060717 
867.991516 15.984283 175.008818 -2.065764 
867.160578 16.313322 164.001681 -2.044396 
866.801180 16.595681 159.600214 -2.027814 
865.968836 16.932325 173.046559 -2.002337 
865.085669 17.208098 168.989927 -1.961327 
863.896882 17.725902 166.139501 -1.930626 
862.994277 17.984926 172.176157 -1.933650 
862.088289 18.236696 167.432856 -1.927816 
860.899434 18.727780 166.053413 -1.924673 
859.994136 18.984457 172.092444 -1.931571 
859.087473 19.235059 167.476145 -1.927051 
857.898601 19.725959 165.996211 -1.925189 
856.993706 19.983342 172.106949 -1.932075 
856.086911 20.233977 167.458639 -1.926450 
854.897963 20.723430 165.789721 -1.924241 
853.992864 20.981107 172.010066 -1.931957 
853.086296 21.231522 167.509198 -1.927580 
851.897343 21.722617 165.743132 -1.925255 
850.992853 21.981140 172.060368 -1.933037 
850.089492 22.234424 167.755521 -1.935474 
848.902192 22.789174 169.192736 -2.005174 
848.065004 23.106996 173.899845 -2.116740 
846.964393 23.959295 178.303763 -2.289489 
846.345797 24.361540 158.165010 -2.333941 
845.933860 24.933177 179.147949 -2.351056 
845.334938 25.335141 159.863762 -2.355892 
844.931508 25.931481 179.195536 -2.355999 
844.333726 26.334372 159.959245 -2.355226 
843.930929 26.930732 179.196041 -2.354774 
843.331801 27.332663 160.126884 -2.354897 
842.929980 27.929859 179.195954 -2.355330 
842.330727 28.330979 160.251421 -2.355814 
841.929536 28.929518 179.199850 -2.356060 
841.330686 29.330534 160.289061 -2.356425 
840.930033 29.930274 179.286480 -2.357920 
840.338374 30.333414 159.971648 -2.363578 
839.936232 30.938272 179.685594 -2.372456 
839.374704 31.353585 157.973628 -2.385185 
838.957631 31.960809 180.404584 -2.395142 
838.459057 32.413834 152.989415 -2.407956 
837.997347 32.997636 180.905893 -2.413679 
837.525883 33.583983 152.511451 -2.421374 
837.047506 34.042012 180.249060 -2.417483 
836.642766 34.687414 160.210399 -2.422753 
836.105433 35.091635 177.806511 -2.426099 
835.736295 35.773569 167.188058 -2.432095 
835.172471 36.149464 173.593983 -2.427538 
834.817899 36.841114 172.839091 -2.424170 
834.249610 37.216404 168.025938 -2.427331 
833.884949 37.900750 177.186493 -2.429796 
833.346784 38.298565 161.102635 -2.430773 
832.945953 38.952329 179.957118 -2.418797 
832.456717 39.404488 153.377728 -2.416766 
831.997570 39.997842 180.886469 -2.415302 
831.527773 40.587311 152.665838 -2.423374 
831.049313 41.043464 180.119817 -2.419154 
830.646343 41.690479 160.391054 -2.422648 
830.107620 42.093679 177.593158 -2.425338 
829.739483 42.776707 167.377155 -2.432982 
829.176410 43.152117 173.307295 -2.430006 
828.821875 43.845098 173.048034 -2.425815 
828.259041 44.222856 167.253333 -2.431143 
827.896154 44.913692 177.346823 -2.448161 
827.419800 45.329015 157.060303 -2.476843 
827.000969 46.000721 179.346484 -2.501964 
826.578876 46.709275 158.240890 -2.537368 
826.166967 47.113439 174.030771 -2.544820 
825.831096 47.886331 173.820219 -2.549233 
825.434343 48.289990 157.767345 -2.552907 
825.018882 49.012908 178.644485 -2.541946 
824.636648 49.756752 162.058679 -2.551662 
824.216157 50.144676 171.276898 -2.551764 
823.878589 50.918389 176.200374 -2.549778 
823.063425 52.043116 178.067468 -2.544551 
822.708045 52.804377 166.559010 -2.551255 
822.276507 53.185105 167.537436 -2.551672 
821.925753 53.949714 177.728278 -2.546280 
821.110437 55.074380 176.571709 -2.548870 
820.770908 55.846949 170.492149 -2.552614 
820.347999 56.232099 163.052410 -2.553391 
819.972659 56.981415 178.574232 -2.544579 
819.550079 57.701245 156.953432 -2.555427 
819.162325 58.108666 174.212803 -2.551675 
818.828713 58.885426 173.738563 -2.552046 
818.434518 59.288541 157.832328 -2.555404 
818.019955 60.013552 178.616125 -2.545017 
817.639619 60.759869 162.295992 -2.553826 
817.219778 61.146865 171.067142 -2.552499 
816.881777 61.920369 176.336630 -2.548829 
816.065532 63.044620 177.997488 -2.543807 
815.710708 63.805721 166.666972 -2.550205 
815.278262 64.186605 167.369753 -2.550864 
814.927062 64.950632 177.713219 -2.546570 
814.112458 66.075606 176.432827 -2.549699 
813.773152 66.847958 170.543736 -2.551121 
813.348452 67.233815 162.900448 -2.550589 
812.972308 67.981066 178.539884 -2.541863 
812.547537 68.698416 156.737467 -2.553679 
812.159600 69.107146 174.307281 -2.550361 
811.825613 69.883174 173.519953 -2.551336 
811.428304 70.284868 158.141825 -2.554669 
811.016533 71.011246 178.591389 -2.544251 
810.633441 71.755465 161.847883 -2.553283 
810.214797 72.143674 171.277389 -2.552058 
809.877479 72.917581 176.023386 -2.549428 
809.062664 74.042510 177.928964 -2.545521 
808.706889 74.803791 166.407301 -2.551698 
808.275624 75.184597 167.513638 -2.551464 
807.924937 75.949073 177.694003 -2.545475 
807.108204 77.073156 176.644602 -2.547091 
806.767903 77.844405 170.241105 -2.551019 
806.343193 78.229197 163.299462 -2.552780 
805.969893 78.979591 178.519244 -2.545864 
805.545195 79.699294 156.753393 -2.557402 
805.160770 80.107291 174.344754 -2.553112 
804.827252 80.884435 173.718817 -2.551993 
804.430852 81.287046 158.033495 -2.553893 
804.017763 82.012111 178.652490 -2.543186 
803.635205 82.756768 161.985631 -2.553524 
803.216806 83.144601 171.213714 -2.553388 
802.879447 83.919177 176.156897 -2.550986 
802.065911 85.044619 177.934306 -2.546500 
801.711851 85.807172 166.803233 -2.551840 
801.279951 86.187812 167.300870 -2.550683 
800.927937 86.950931 177.815969 -2.543793 
800.110807 88.074828 176.452290 -2.547638 
799.772104 88.848608 170.222623 -2.555230 
799.361762 89.234702 162.109261 -2.566080 
798.994304 89.996467 177.390554 -2.586434 
798.619616 90.791067 161.290935 -2.639312 
798.304346 91.158786 165.859664 -2.660712 
797.986951 91.993538 175.009134 -2.681756 
797.665139 92.843608 163.778476 -2.704664 
797.414239 93.190714 159.869857 -2.710127 
797.071086 94.033840 173.919827 -2.697298 
796.783288 94.897809 169.447740 -2.700961 
796.167132 96.079139 171.523890 -2.699359 
795.883850 96.944656 173.093822 -2.696933 
795.507223 97.774659 156.095231 -2.712696 
795.275665 98.128755 166.718458 -2.704635 
794.976701 98.988894 174.372351 -2.696772 
794.659991 99.842288 163.387265 -2.707283 
794.410635 100.188823 159.909909 -2.710594 
794.069093 101.032872 173.865172 -2.697517 
793.781049 101.896787 169.264147 -2.701090 
793.170675 103.079000 171.152067 -2.708091 
792.899914 103.957097 172.432697 -2.736624 
792.588130 104.862997 159.698111 -2.820469 
792.458270 105.136697 158.311956 -2.851706 
792.222566 106.054349 165.816805 -2.902087 
792.054289 107.011978 167.077238 -2.924438 
791.897558 107.977944 166.710880 -2.929525 
791.734699 108.943920 164.347693 -2.933275 
791.544131 109.908544 158.141393 -2.943602 
791.492126 110.096952 156.713020 -2.947076 
791.294860 111.061049 163.768107 -2.937434 
791.131156 112.027817 166.538385 -2.932601 
790.976471 112.994971 166.989989 -2.931042 
790.820007 113.962084 166.082947 -2.933975 
790.650872 114.928541 162.226886 -2.939702 
790.392919 116.080074 160.697071 -2.940553 
790.215625 117.045560 165.528910 -2.933364 
790.057254 118.012222 166.887431 -2.931286 
789.903477 118.979545 166.686861 -2.932766 
789.743614 119.946686 164.618728 -2.936571 
789.558602 120.911979 158.735216 -2.944760 
789.307532 122.063553 163.358272 -2.937807 
789.142729 123.030277 166.450465 -2.932560 
788.986742 123.997146 167.055857 -2.929572 
788.825765 124.960016 166.423200 -2.916016 
788.609281 125.880453 160.503684 -2.844672 
788.431492 126.180374 156.011727 -2.745645 
787.992590 126.994151 169.734469 -2.473386 
786.949251 127.910250 172.352511 -2.085424 
786.103781 128.227665 168.245615 -1.998506 
784.918130 128.809961 169.770399 -1.977574 
784.034626 129.079810 172.527834 -1.980140 
783.167014 129.398522 160.190462 -1.967646 
782.837188 129.612172 160.694611 -1.968259 
781.968472 129.927533 172.696672 -1.981160 
781.085199 130.197896 169.510149 -1.977335 
779.898344 130.757605 167.673624 -1.967899 
779.012482 131.029613 172.853430 -1.969705 
778.131742 131.318371 163.911909 -1.963142 
777.800606 131.513093 156.007914 -1.959476 
776.941730 131.865391 171.163475 -1.979328 
776.057777 132.132827 171.294653 -1.981087 
775.202658 132.486474 156.091706 -1.965518 
774.867813 132.688020 164.290155 -1.971570 
773.991157 132.979590 173.100255 -1.979667 
773.109400 133.258241 166.834736 -1.971511 
771.921593 133.814744 169.650802 -1.971173 
771.034385 134.080839 172.168081 -1.972961 
770.162117 134.393955 160.304880 -1.961186 
769.835671 134.600796 160.063352 -1.961298 
768.964617 134.917728 172.337290 -1.976952 
768.080406 135.186239 169.828035 -1.978359 
766.893661 135.751837 167.433778 -1.975631 
766.012635 136.029173 173.154996 -1.979497 
765.136203 136.324154 163.777638 -1.968578 
764.803409 136.529356 156.816160 -1.966474 
763.948855 136.890614 171.540350 -2.008164 
763.115815 137.197967 166.392440 -2.100131 
762.699881 137.655054 151.233075 -2.286815 
762.159833 138.106346 161.693903 -2.554495 
761.838064 138.957795 163.666404 -2.886637 
761.707281 139.984384 163.288871 -3.088296 
761.699421 140.998967 163.423556 -3.138157 
761.699925 142.000096 163.433312 3.141273 
761.699997 143.000014 163.433304 3.141546 
761.700000 144.000000 163.433303 3.141591 
761.700000 145.000000 163.433303 3.141593 
761.700000 146.000000 163.433303 3.141593 
761.700000 147.000000 163.433303 3.141593 
761.700000 148.000000 163.433303 3.141593 
761.700000 149.000000 163.433303 3.141593 
761.700000 150.000000 163.433303 3.141593 
761.700000 151.000000 163.433303 3.141593 
761.700000 152.000000 163.433303 3.141593 
761.700000 153.000000 163.433303 3.141593 
761.700000 154.000000 163.433303 3.141593 
761.700000 155.000000 163.433303 3.141593 
761.700000 156.000000 163.433303 3.141593 
761.700000 157.000000 163.433303 3.141593 
761.700000 158.000000 163.433303 3.141593 
761.700000 159.000000 163.433303 3.141593 
761.700000 160.000000 163.433303 -3.141592 
761.699998 160.999991 163.433303 -3.141563 
761.699953 161.999929 163.433308 -3.141355 
761.699618 163.000383 163.433251 3.140318 
761.702865 164.007725 163.476182 3.115599 
761.760082 165.032726 164.649236 3.006026 
761.969325 166.010827 169.787194 2.802291 
762.252246 166.857641 166.926369 2.627786 
762.620775 167.246447 159.092790 2.565309 
763.019204 167.985812 178.789124 2.505296 
763.454067 168.663634 155.544050 2.504015 
763.882299 169.087763 176.602795 2.500885 
764.232721 169.828581 170.001105 2.506732 
764.714441 170.209954 166.522421 2.507606 
765.078260 170.941551 178.253835 2.500111 
765.948082 172.039087 179.180493 2.496271 
766.325993 172.758907 164.036409 2.504802 
766.802935 173.145480 172.659648 2.505665 
767.147990 173.890359 175.492936 2.503963 
767.601586 174.294947 159.252994 2.504326 
768.011650 174.991201 179.651832 2.494739 
768.448553 175.667905 155.940983 2.504283 
768.879493 176.089875 176.441418 2.500777 
769.229435 176.830261 170.144427 2.504643 
769.713160 177.212011 166.354675 2.505087 
770.077129 177.942279 178.142114 2.499135 
770.926906 179.050787 176.232880 2.534349 
771.273953 179.853854 162.925591 2.651529 
771.526832 180.201895 154.727586 2.738294 
771.795986 181.044383 162.764082 2.927382 
771.899651 182.006540 163.303995 3.076515 
771.915243 183.000744 163.414100 3.132813 
771.915721 184.000023 163.432755 3.141325 
771.915688 184.999998 163.433303 -3.141571 
771.915686 186.000000 163.433303 -3.141591 
771.915686 187.000000 163.433303 3.141593 
771.915686 188.000000 163.433303 3.141593 
771.915686 189.000000 163.433303 -3.141591 
771.915683 189.999996 163.433304 -3.141540 
771.915602 190.999974 163.433311 -3.141280 
771.915187 192.000299 163.432336 3.138064 
771.922544 193.003276 163.505411 3.099321 
771.995421 194.000767 164.608862 2.975600 
772.188496 194.933114 165.577798 2.800610 
772.800025 196.110645 169.381634 2.636224 
773.116944 196.929248 175.164166 2.597500 
773.876595 198.075720 175.438434 2.591241 
774.200604 198.877735 171.849293 2.594229 
774.548922 199.271477 157.527697 2.599821 
774.956527 200.026811 177.294643 2.588969 
775.303588 200.815376 165.777024 2.595209 
775.683633 201.192312 165.017192 2.595401 
776.034825 201.978518 177.304549 2.588868 
776.434503 202.738045 158.325244 2.599056 
776.789060 203.128594 171.164273 2.594127 
777.114460 203.929723 175.683108 2.590953 
777.877044 205.075225 175.407334 2.592540 
778.200985 205.877784 171.764154 2.595251 
778.548365 206.271619 157.448169 2.600136 
778.956488 207.026873 177.266913 2.588337 
779.303753 207.814863 165.758160 2.594218 
779.684894 208.191923 165.089285 2.594528 
780.035777 208.977914 177.319318 2.588523 
780.436637 209.736781 158.225302 2.599094 
780.790391 210.127768 171.258355 2.594179 
781.115402 210.929248 175.655462 2.591603 
781.876990 212.075100 175.382223 2.593478 
782.200932 212.877633 171.736241 2.594583 
782.549598 213.271865 157.455089 2.598527 
782.957529 214.026309 177.316948 2.586981 
783.305583 214.813763 165.713234 2.594255 
783.686551 215.190624 165.268789 2.595203 
784.036548 215.977486 177.376567 2.589484 
784.437287 216.737505 158.263837 2.600966 
784.789298 217.127907 171.242744 2.596002 
785.114424 217.929883 175.692735 2.591824 
785.877636 219.075174 175.384137 2.590690 
786.202252 219.876435 171.612952 2.593162 
786.553027 220.269945 157.616547 2.598282 
786.961269 221.024100 177.425564 2.584985 
787.318550 221.796700 165.043617 2.573555 
787.756222 222.172161 168.403457 2.526703 
788.123541 222.892099 174.187743 2.423667 
788.743738 223.288004 162.291619 2.297939 
789.136136 223.810303 171.127374 2.193269 
789.910093 224.149531 173.247649 2.112142 
791.066862 224.878203 174.153879 2.072846 
791.898545 225.186418 171.559899 2.069202 
793.064272 225.882520 174.253890 2.071403 
793.897150 226.189591 171.474910 2.067851 
795.063572 226.883198 174.351787 2.069234 
795.897154 227.189790 171.590982 2.067397 
797.063156 227.884597 174.562590 2.071538 
797.894218 228.193512 171.664963 2.071058 
799.042766 228.933795 175.666140 2.144333 
799.749961 229.296944 160.331775 2.270652 
800.107976 229.916812 167.561186 2.485148 
800.768132 231.064011 163.461765 2.872236 
800.929529 232.011856 165.232660 2.974907 
801.048153 232.992522 165.349285 2.987529 
801.168034 233.974988 164.898464 2.993828 
801.281475 234.959195 163.191112 2.997628 
801.412314 235.938225 159.506228 2.992873 
801.586349 237.056314 160.224973 3.006285 
801.709510 238.041433 163.769576 2.999916 
801.828046 239.025216 164.884892 2.995984 
801.936618 240.009082 165.056756 2.999272 
802.047040 240.992820 165.304289 2.990122 
802.167417 241.974744 165.017733 2.991866 
802.282103 242.959571 163.434052 2.999249 
802.409762 243.938914 159.799589 2.993605 
802.586862 245.057311 160.344948 3.003752 
802.710051 246.041026 164.038388 3.001032 
802.827611 247.025343 165.075189 2.995625 
802.937465 248.008878 165.065518 3.000562 
803.044401 248.993408 165.210202 2.994214 
803.162478 249.975576 165.059722 2.992386 
803.277689 250.960577 163.633054 3.000569 
803.402390 251.940652 160.048267 2.995160 
803.581930 253.059580 159.882486 3.000033 
803.708035 254.041657 163.827535 2.999872 
803.826455 255.025972 165.094898 2.993038 
803.940013 256.008670 165.121739 2.998052 
804.046512 256.993181 165.170707 2.996023 
804.162593 257.975552 165.117978 2.992350 
804.279236 258.959846 163.914164 2.998770 
804.408676 259.932906 160.341402 2.978870 
804.711289 261.094119 163.955364 2.826458 
805.045914 261.972449 170.648327 2.601125 
805.436638 262.587857 148.949781 2.385046 
805.984798 263.018951 175.588486 2.246835 
806.667066 263.498031 153.305098 2.160067 
807.090569 263.858769 174.435488 2.141018 
807.879225 264.190480 171.980713 2.135879 
808.277121 264.561395 157.450208 2.134287 
809.019069 264.970543 177.327289 2.145300 
809.788072 265.334777 163.545021 2.135157 
810.168631 265.733726 167.686729 2.135341 
810.951073 266.076086 176.684299 2.142264 
812.088034 266.861788 174.655935 2.137941 
812.872857 267.195609 171.883256 2.147159 
813.266917 267.618412 159.449304 2.181179 
813.966821 268.039140 175.969159 2.273960 
814.450601 268.600767 149.757696 2.416566 
814.889894 269.071926 171.614626 2.562942 
815.220639 269.902964 167.701879 2.727259 
815.722317 271.090962 165.607584 2.825032 
815.957927 272.013923 170.520518 2.822002 
816.180486 272.941017 168.119847 2.825735 
816.458585 273.858487 157.697558 2.842277 
816.583022 274.129474 159.491117 2.840527 
816.847251 275.049834 168.697793 2.826234 
817.067585 275.977595 170.190303 2.821481 
817.306803 276.901544 164.231492 2.831065 
817.729088 278.086686 165.684519 2.831908 
817.961121 279.012829 170.573718 2.822863 
818.183586 279.939983 168.136784 2.825631 
818.466580 280.849397 157.808555 2.829369 
818.607829 281.133844 160.853057 2.812699 
818.918993 282.035639 172.413672 2.727125 
819.218081 282.874339 169.131851 2.618849 
819.581847 283.276990 156.827815 2.556541 
820.005412 283.995808 178.824307 2.482463 
820.432467 284.651542 155.979173 2.463358 
820.905025 285.077736 178.196935 2.455677 
821.270860 285.779921 167.234858 2.459264 
821.805307 286.158554 172.523918 2.458146 
822.157302 286.871495 174.776262 2.456613 
822.682486 287.259589 163.586834 2.456231 
823.066416 287.944871 179.077782 2.448791 
823.520161 288.396637 152.757683 2.450839 
823.987224 289.010681 180.321399 2.445304 
824.419722 289.654763 156.709100 2.453259 
824.904857 290.078392 178.263442 2.452424 
825.271098 290.780428 166.967305 2.460822 
825.797571 291.161076 171.426387 2.469468 
826.140469 291.898280 172.497002 2.514847 
826.522117 292.300473 152.962202 2.580295 
826.876490 293.051551 167.209262 2.746193 
827.103267 293.981392 164.726612 2.963314 
827.183870 294.992472 163.481593 3.100676 
827.190651 295.999417 163.431713 3.138534 
827.190268 297.000054 163.433310 -3.141311 
827.190199 298.000008 163.433303 -3.141548 
827.190196 299.000000 163.433303 -3.141591 
827.190196 300.000000 163.433303 3.141593 
827.190196 301.000000 163.433303 3.141593 
827.190196 302.000000 163.433303 3.141593 
827.190196 303.000000 163.433303 3.141593 
827.190196 304.000000 163.433303 3.141593 
827.190196 305.000000 163.433303 3.141593 
827.190196 306.000000 163.433303 3.141593 
827.190196 307.000000 163.433303 -3.141591 
827.190194 308.000011 163.433304 -3.141532 
827.190098 309.000212 163.433405 -3.140475 
827.188283 310.001916 163.441763 -3.131418 
827.171758 311.008060 163.612878 -3.094700 
827.105882 312.012341 164.528353 -3.025566 
826.984906 312.997249 165.939979 -2.961304 
826.834442 313.962971 165.944110 -2.921551 
826.642341 314.907922 161.601587 -2.889618 
826.256516 316.085891 166.001757 -2.818488 
826.000156 317.000063 172.466314 -2.760857 
825.724342 317.878036 166.591233 -2.725037 
825.102007 319.054121 174.518152 -2.653791 
824.790017 319.875695 171.118327 -2.607092 
824.433207 320.272265 157.788126 -2.580490 
824.013093 321.009236 178.612280 -2.527274 
823.620134 321.713902 159.958437 -2.496075 
823.138380 322.111643 175.347384 -2.462730 
822.782877 322.811414 170.084572 -2.426419 
822.193664 323.181781 171.127655 -2.387833 
821.831198 323.827879 172.382239 -2.346457 
821.168958 324.187650 171.696417 -2.303826 
820.796954 324.758634 168.468182 -2.270181 
820.102340 325.123959 176.252699 -2.260949 
819.708462 325.667553 161.176169 -2.290728 
819.078094 326.076117 177.732173 -2.369016 
818.680282 326.738228 162.906299 -2.455517 
818.172447 327.127784 174.033017 -2.503874 
817.826666 327.877537 173.887651 -2.526506 
817.392985 328.273633 160.079959 -2.533358 
816.992482 328.994670 179.087920 -2.524842 
816.577936 329.706809 158.186898 -2.534459 
816.160089 330.111998 174.402016 -2.531134 
815.821580 330.875283 173.392375 -2.531531 
815.391737 331.272511 160.004417 -2.533794 
814.992128 331.994422 179.003549 -2.525129 
814.577454 332.706784 158.142982 -2.534954 
814.160279 333.111978 174.367111 -2.531777 
813.821918 333.875719 173.406210 -2.532285 
813.393333 334.273149 159.918714 -2.534602 
812.993001 334.995044 178.993746 -2.525452 
812.579109 335.707592 158.262574 -2.534408 
812.158941 336.111755 174.491342 -2.528773 
811.815966 336.867254 173.300620 -2.516708 
811.336269 337.257100 162.669600 -2.488834 
810.938257 337.946260 178.887017 -2.425384 
810.400175 338.392214 155.055540 -2.366241 
809.957105 338.953652 179.759233 -2.317527 
809.324203 339.373469 158.928623 -2.285697 
808.914573 339.900028 177.746543 -2.277901 
808.227087 340.269720 166.548627 -2.270590 
807.848378 340.819422 172.826747 -2.269250 
807.146279 341.173995 173.266138 -2.269871 
806.766195 341.722822 166.000874 -2.271514 
806.080217 342.094041 178.013356 -2.277032 
805.663324 342.604166 157.707837 -2.275609 
805.024151 343.027865 180.215604 -2.284907 
803.971681 343.967323 180.117192 -2.284871 
803.328170 344.385789 158.372922 -2.275665 
802.915283 344.900575 177.768016 -2.276490 
802.226904 345.269344 166.613610 -2.270880 
801.848263 345.819334 172.864598 -2.269385 
801.146178 346.173843 173.241570 -2.269962 
800.766490 346.726139 165.830401 -2.276832 
800.091081 347.100983 175.828438 -2.304683 
799.688187 347.721314 157.366360 -2.412237 
799.203685 348.132737 163.885478 -2.564039 
798.906539 348.976583 162.355273 -2.896096 
798.820362 350.010019 162.566005 3.085879 
798.947292 351.009653 165.887815 2.960452 
799.100505 351.977717 166.626074 2.923412 
799.273409 352.936396 164.152740 2.913023 
799.495696 353.885767 156.420271 2.915096 
799.567511 354.102225 158.967499 2.909489 
799.789318 355.055209 166.386870 2.885308 
799.983843 356.004519 168.885633 2.868844 
800.180822 356.949066 167.147247 2.867026 
800.415216 357.887789 159.602228 2.877651 
800.508237 358.130922 156.428957 2.881398 
800.770164 359.066860 166.373765 2.858504 
800.983603 360.005084 169.919896 2.840922 
801.198428 360.938059 167.387002 2.839016 
801.471866 361.859482 157.190761 2.852163 
801.588454 362.124241 159.755084 2.848403 
801.847282 363.049161 168.655697 2.830161 
802.067077 363.977664 170.218554 2.820144 
802.308883 364.898451 164.157676 2.823961 
802.747010 366.084818 166.401949 2.818107 
802.983512 367.005655 171.076210 2.811168 
803.214411 367.928290 167.534954 2.818838 
803.646902 369.116791 162.363167 2.822158 
803.906734 370.032738 170.404154 2.804011 
804.137875 370.951315 169.574121 2.802151 
804.420505 371.857187 159.352402 2.814193 
804.569145 372.146654 158.875846 2.813514 
804.859383 373.050857 169.762398 2.794561 
805.096083 373.964964 170.753496 2.791937 
805.369403 374.870370 161.763628 2.804101 
805.520214 375.166319 156.849314 2.807904 
805.833143 376.061792 169.413874 2.786920 
806.075431 376.971694 171.422765 2.782593 
806.348428 377.873903 162.841373 2.794354 
806.503397 378.176750 156.205712 2.799656 
806.830601 379.064971 169.701581 2.775357 
807.080259 379.968392 171.724314 2.766419 
807.369593 380.858752 161.759396 2.776549 
807.548679 381.171397 158.008601 2.778650 
807.870697 382.052318 171.003610 2.757112 
808.127979 382.946999 171.202797 2.748960 
808.461468 383.811569 157.564401 2.753926 
808.665036 384.140777 163.419399 2.743732 
808.966937 385.014781 173.609251 2.721203 
809.251645 385.885981 167.740850 2.716169 
809.861412 387.067590 172.678914 2.687832 
810.153594 387.920799 172.688838 2.665503 
810.845740 389.087096 173.341645 2.627603 
811.162193 389.901656 173.738460 2.596524 
811.953427 391.033385 178.043921 2.519664 
812.318315 391.739204 160.267695 2.455191 
812.882833 392.128419 167.423082 2.310408 
813.248084 392.630544 149.922864 2.162126 
814.020952 392.890942 153.549664 1.760597 
815.924797 391.945365 167.098632 0.628285 
816.244825 391.143712 162.832200 0.530806 
816.664779 390.739791 149.502861 0.660079 
817.132789 390.186327 148.895642 0.951618 
817.989959 389.837904 152.276294 1.508930 
818.997871 390.007721 166.560081 1.839844 
819.919875 390.233918 166.677169 1.900806 
821.102469 390.684253 164.045036 1.884603 
822.024929 390.922160 169.823379 1.880736 
822.959828 391.133068 168.472532 1.863987 
823.899927 391.363753 161.570669 1.839267 
825.075812 391.713947 164.326931 1.829868 
826.022960 391.911314 167.984198 1.824126 
826.978087 392.088751 167.646717 1.812858 
827.936063 392.271040 164.335783 1.802456 
828.895812 392.487903 156.663247 1.781178 
829.095205 392.547187 158.194327 1.778030 
830.054956 392.740322 164.598006 1.779351 
831.020790 392.902013 166.695016 1.779871 
831.988803 393.054277 166.769400 1.774227 
832.960375 393.205039 165.590769 1.761697 
833.935500 393.360422 161.736611 1.747879 
835.061927 393.562230 158.956257 1.711324 
836.031386 393.669950 162.582033 1.665606 
837.018466 393.730484 163.597002 1.639204 
838.011459 393.781233 163.643063 1.623127 
839.001416 393.811871 163.436223 1.578322 
839.989534 393.792506 163.593492 1.520399 
840.974263 393.733791 163.540463 1.474416 
841.945664 393.633945 161.259720 1.423436 
843.089920 393.394245 159.956975 1.346550 
844.048744 393.175802 167.119295 1.300324 
844.992097 392.973571 169.468397 1.280220 
845.930460 392.761638 165.903495 1.286934 
847.107164 392.405867 159.676516 1.312651 
848.047595 392.187452 166.156791 1.322148 
849.003119 392.013816 167.165805 1.348745 
849.974075 391.861104 166.081574 1.386267 
850.959662 391.726830 164.368099 1.424191 
851.948636 391.608715 161.148844 1.440272 
853.059509 391.448614 158.406381 1.438917 
854.031465 391.338395 161.936743 1.478080 
855.010775 391.287822 163.170975 1.533376 
856.002386 391.275717 163.411681 1.562141 
857.000698 391.273356 163.433051 1.568244 
858.000598 391.271581 163.433699 1.568596 
859.000458 391.269822 163.433539 1.569099 
860.000198 391.268857 163.433348 1.570061 
861.000061 391.268642 163.433308 1.570569 
862.000399 391.268489 163.433484 1.569311 
863.003368 391.266046 163.446396 1.558139 
864.014070 391.244569 163.697525 1.513330 
865.024368 391.156920 165.175820 1.416738 
865.992371 390.975024 167.816251 1.274325 
866.851561 390.701394 162.871091 1.109465 
867.229949 390.373749 157.559164 1.019239 
867.975801 389.969431 177.555319 0.901199 
868.593248 389.510271 151.649238 0.877694 
869.055370 389.068525 178.453257 0.891176 
869.774694 388.691284 164.450704 0.940337 
870.159614 388.235563 169.770253 0.975272 
870.934698 387.896744 176.001140 1.006872 
872.076572 387.125299 175.197465 1.022246 
872.871977 386.796976 171.833996 1.008193 
873.266789 386.406294 159.274654 0.989767 
873.996992 385.995854 178.816207 0.943093 
874.680704 385.581617 157.247459 0.918921 
875.093589 385.117014 176.439209 0.896172 
875.799210 384.758386 168.651616 0.877416 
876.173491 384.199247 171.326655 0.854388 
876.854548 383.841515 174.043907 0.828254 
877.227522 383.239036 167.852593 0.810071 
877.874743 382.871945 175.938700 0.796443 
878.246762 382.247668 166.785023 0.787231 
878.875045 381.876495 176.123517 0.779561 
879.244435 381.238272 167.276495 0.772632 
879.860888 380.866543 175.307893 0.764656 
880.223644 380.208375 169.303273 0.750070 
880.819099 379.837598 172.806174 0.731565 
881.175705 379.152054 173.360767 0.713362 
881.736801 378.776797 167.250111 0.703356 
882.104295 378.088583 177.608444 0.704118 
882.620292 377.678372 158.826284 0.702774 
883.033912 377.028994 180.066512 0.707367 
883.960353 375.967064 180.130310 0.693193 
884.363852 375.290556 160.916519 0.673860 
884.860514 374.890327 176.250745 0.666311 
885.211434 374.163227 171.765203 0.657433 
885.716718 373.783000 166.852997 0.653677 
886.082001 373.063094 178.553742 0.655819 
886.961164 371.970562 179.446954 0.648606 
887.350093 371.256820 162.353693 0.632908 
887.815232 370.865353 173.212587 0.629754 
888.157735 370.114272 174.656556 0.626948 
888.596613 369.711361 159.122772 0.621078 
889.003769 369.002714 179.311149 0.623973 
889.420667 368.295113 158.432208 0.611756 
889.851509 367.892559 175.309025 0.626357 
890.200920 367.156954 172.096561 0.663157 
890.744528 366.778097 167.180627 0.715193 
891.115139 366.112658 176.450567 0.774507 
891.747033 365.731703 165.544393 0.814799 
892.123321 365.134707 175.542741 0.829500 
892.789449 364.769851 168.744047 0.829839 
893.159130 364.171286 173.007370 0.822170 
893.822960 363.812516 171.819943 0.814040 
894.190070 363.200203 170.874613 0.811356 
894.849774 362.840757 173.922875 0.814526 
895.220090 362.237009 168.245744 0.822395 
895.882957 361.872141 176.102419 0.829536 
896.265142 361.292614 164.296754 0.834613 
896.919025 360.911337 178.442761 0.830686 
897.324023 360.352151 159.882462 0.826974 
897.947884 359.944565 180.114016 0.816254 
898.378646 359.398926 156.287119 0.811473 
898.968202 358.966751 180.848964 0.807695 
899.424571 358.446841 153.040767 0.810949 
899.988287 357.987585 181.027216 0.814487 
901.013583 357.014617 180.992490 0.822061 
901.592999 356.560659 153.917664 0.823591 
902.040113 356.042787 180.581080 0.817638 
902.644926 355.624317 157.985338 0.813594 
903.062257 355.065296 179.742282 0.809219 
903.684128 354.665982 160.889265 0.813313 
904.084370 354.090261 178.311730 0.819123 
904.732954 353.707323 164.246371 0.831158 
905.116408 353.128660 175.920156 0.835351 
905.782510 352.759631 168.405535 0.835327 
906.154652 352.168123 173.064957 0.827109 
906.811542 351.799024 171.671023 0.817533 
907.182367 351.192060 170.737716 0.811280 
907.822157 350.811996 173.363556 0.813166 
908.196191 350.209440 168.226889 0.818047 
908.831754 349.815378 174.152904 0.831773 
909.205920 349.227752 164.232384 0.835698 
909.846422 348.826089 173.576602 0.847404 
910.201873 348.223266 158.789389 0.835678 
910.872986 347.855496 168.991572 0.849725 
911.162678 347.176108 152.570764 0.825018 
911.915872 346.901250 157.775181 0.865187 
912.103083 346.113600 144.418521 0.833897 
912.953903 345.939277 138.900948 0.921471 
913.064897 345.077367 131.340652 0.872827 
913.947641 344.914684 113.099986 1.020359 
914.071837 344.098014 111.041540 0.938311 
914.914303 343.772461 84.034786 1.210602 
915.126812 343.247242 83.172473 1.096878 
916.001006 342.960574 61.204084 1.596304 
916.923035 343.990706 70.912038 -3.021420 
916.591873 344.838630 80.711912 -2.765066 
916.184046 345.054466 92.507137 -2.853866 
915.898795 345.949945 115.912891 -2.682277 
915.032052 347.016995 141.487732 -2.654054 
914.645574 347.800995 129.549466 -2.629974 
914.167076 348.090779 150.565435 -2.643876 
913.909725 348.947430 157.808356 -2.614263 
913.489765 349.259835 141.369739 -2.653820 
913.086559 350.051462 171.441157 -2.605207 
912.661687 350.800335 156.465310 -2.608427 
912.275509 351.161662 166.734639 -2.610954 
911.934395 351.960386 174.762200 -2.598367 
911.154821 353.093674 174.681640 -2.597469 
910.814157 353.888282 171.804480 -2.600336 
910.472840 354.279616 156.290667 -2.607555 
910.059250 355.036072 176.876661 -2.594720 
909.714078 355.828087 166.628268 -2.600249 
909.343278 356.205455 163.515011 -2.602269 
908.983774 356.990144 177.241390 -2.595732 
908.603377 357.764135 160.488831 -2.605092 
908.243885 358.146208 169.305505 -2.601546 
907.914648 358.948277 176.454871 -2.596776 
907.163179 360.097759 173.730207 -2.601844 
906.843950 360.906430 174.011504 -2.601456 
906.092148 362.055721 176.231998 -2.597729 
905.764764 362.858813 169.817745 -2.601031 
905.407235 363.242758 159.918473 -2.604037 
905.022402 364.013659 177.388743 -2.594052 
904.667564 364.801378 164.217088 -2.603032 
904.296158 365.177249 166.327140 -2.602282 
903.953237 365.971517 177.122220 -2.594518 
903.546842 366.730173 157.391200 -2.604535 
903.204374 367.123053 171.510643 -2.599632 
902.881793 367.928653 175.465454 -2.598550 
902.128862 369.077432 175.118792 -2.600520 
901.808118 369.885098 172.268404 -2.602043 
901.477649 370.282420 156.221339 -2.607616 
901.058841 371.035843 177.014564 -2.594476 
900.720749 371.831952 167.264159 -2.599864 
900.349272 372.209265 163.180810 -2.601801 
899.988991 372.993318 177.265336 -2.596102 
899.614017 373.772574 160.957340 -2.609144 
899.259265 374.152243 168.254464 -2.610631 
898.932479 374.960922 176.189794 -2.616940 
898.524055 375.739601 156.563438 -2.640964 
898.224398 376.123465 170.132529 -2.638591 
897.911832 376.951573 175.292847 -2.639320 
897.502403 377.736104 155.554242 -2.653968 
897.220462 378.119206 170.102125 -2.645908 
896.910306 378.951105 175.076932 -2.642499 
896.502318 379.736286 155.495355 -2.654324 
896.220346 380.119373 170.023857 -2.645102 
895.909829 380.950624 175.070872 -2.640605 
895.500215 381.734722 155.389622 -2.653623 
895.218974 382.118473 170.134046 -2.645657 
894.908915 382.950305 175.088355 -2.642145 
894.218071 384.118292 170.249437 -2.644565 
893.907856 384.949504 175.176918 -2.640276 
893.216432 386.117070 170.369858 -2.645756 
892.906937 386.949277 175.071907 -2.642570 
892.216908 388.117325 170.247598 -2.645766 
891.907159 388.949288 175.044812 -2.641655 
891.215681 390.116984 170.318795 -2.644607 
890.905876 390.948508 175.011605 -2.641008 
890.214570 392.116100 170.341428 -2.645620 
889.905342 392.948422 174.967724 -2.642684 
889.215383 394.116438 170.330008 -2.645987 
888.906040 394.948727 175.028627 -2.642065 
888.215495 396.116597 170.341353 -2.645634 
887.906060 396.948721 175.038426 -2.641926 
887.215119 398.116531 170.386670 -2.645141 
886.905594 398.948379 175.105207 -2.641212 
886.213724 400.115733 170.498746 -2.645294 
885.905287 400.949158 174.430620 -2.648937 
885.283465 402.112970 162.280093 -2.762351 
885.078617 403.006549 159.070613 -3.058476 
885.237027 403.912977 158.334264 2.789729 
885.966676 405.028280 176.119008 2.437899 
886.373363 405.650750 157.574371 2.389551 
886.930921 406.065501 179.415011 2.382770 
887.325512 406.696021 161.714686 2.390387 
887.897678 407.093143 177.953223 2.403121 
888.271084 407.762121 166.434071 2.421343 
888.839264 408.139267 174.440596 2.427635 
889.195808 408.830362 171.949213 2.427682 
889.764479 409.204333 169.028086 2.426981 
890.124698 409.892571 176.548873 2.430450 
890.660380 410.287064 161.748626 2.439863 
891.054903 410.953592 179.603102 2.439849 
891.503818 411.414506 151.679272 2.445641 
891.980703 412.016151 180.162826 2.444692 
892.406606 412.668623 157.536194 2.457782 
892.893025 413.086518 177.550416 2.461530 
893.253938 413.798650 168.553511 2.471189 
893.774126 414.176828 170.714537 2.477388 
894.126205 414.902022 176.866768 2.481445 
894.590460 415.312204 158.422930 2.490248 
895.006497 415.995056 179.931545 2.491126 
895.439762 416.678754 156.675936 2.510690 
895.866470 417.096641 175.876717 2.515112 
896.210092 417.851983 171.448143 2.527830 
896.654793 418.238892 162.939601 2.536238 
897.031029 418.978602 178.520009 2.537886 
897.462669 419.695056 156.147733 2.558849 
897.837936 420.105921 174.028887 2.562709 
898.166575 420.894513 173.532460 2.577068 
898.507619 421.300365 155.180506 2.593833 
898.932574 422.040696 176.587371 2.598561 
899.264799 422.848637 167.846554 2.622307 
899.597335 423.222798 160.449323 2.636213 
899.969902 424.016909 176.642175 2.629724 
900.315814 424.810898 165.306259 2.602073 
900.746390 425.182333 166.461907 2.518261 
901.123114 425.877477 172.120960 2.358598 
901.817929 426.254488 165.629400 2.191809 
902.189617 426.675184 164.066949 2.099195 
902.993032 427.013459 174.878705 2.048500 
903.833540 427.349341 162.414045 2.015467 
904.182501 427.607011 160.398951 2.005555 
905.028712 427.937474 173.346521 2.001275 
905.903780 428.218256 169.003740 1.986022 
907.089612 428.792068 169.234919 1.977713 
907.974657 429.060201 172.679097 1.969249 
908.860210 429.357176 162.132271 1.943845 
909.176058 429.539133 157.429860 1.935703 
910.055174 429.857248 170.004665 1.939614 
910.962315 430.101339 170.675947 1.926824 
911.872213 430.378583 160.990211 1.896329 
912.157307 430.516093 156.514449 1.885098 
913.063042 430.803643 167.364192 1.881457 
913.994068 431.019284 169.754669 1.869204 
914.934599 431.230012 166.274583 1.847823 
915.884007 431.480049 156.894717 1.807880 
916.103457 431.554695 158.533359 1.799076 
917.050623 431.748195 164.434378 1.769193 
918.019688 431.888415 165.651131 1.745442 
918.997447 432.015691 165.561892 1.732061 
919.984416 432.133865 164.536610 1.686694 
920.993779 432.202829 163.510152 1.601457 
922.011193 432.187501 163.724271 1.511169 
923.012875 432.101977 164.730381 1.445203 
923.998543 431.989794 165.074339 1.429033 
924.983761 431.884594 164.832103 1.431005 
925.963486 431.772445 164.176467 1.411690 
926.934177 431.628760 161.082338 1.395315 
928.078322 431.395013 160.157686 1.375059 
929.047062 431.212892 165.238269 1.353233 
930.010507 431.044945 167.304703 1.341145 
930.970004 430.875321 166.908811 1.334696 
931.926608 430.688704 163.055257 1.339262 
933.093165 430.384284 160.504072 1.332947 
934.045298 430.171726 166.756493 1.312891 
934.995466 429.983156 168.469233 1.307869 
935.943710 429.791564 166.368503 1.307029 
936.881718 429.554624 158.331770 1.311209 
937.122568 429.460669 157.674444 1.310755 
938.060017 429.213297 166.524135 1.296509 
939.003200 429.010965 169.245818 1.286816 
939.941468 428.805166 167.122376 1.278956 
940.865535 428.542425 157.644033 1.284977 
941.126707 428.427914 158.893037 1.282917 
942.052537 428.172259 167.720660 1.274772 
942.989183 427.964189 169.521162 1.277452 
943.925437 427.750082 165.806074 1.280854 
945.108374 427.358317 161.986065 1.277091 
946.036720 427.115017 169.235924 1.261765 
946.966864 426.898552 169.381785 1.255087 
947.878739 426.645230 162.297442 1.241443 
948.178732 426.496299 155.696958 1.225127 
949.055551 426.110239 172.109828 1.104025 
949.845869 425.784343 168.466889 0.950268 
950.239381 425.264257 163.891239 0.834752 
950.878492 424.887200 175.550362 0.748251 
951.250256 424.217177 167.783545 0.714749 
951.814661 423.842537 172.791665 0.704257 
952.169388 423.143045 173.928157 0.701280 
952.720227 422.763487 166.083549 0.701803 
953.092402 422.079233 178.267325 0.708817 
953.604910 421.661258 157.694895 0.708763 
954.027985 421.024294 180.325521 0.714919 
954.967356 419.971748 180.462742 0.713414 
955.384342 419.325677 158.759400 0.702961 
955.899195 418.914486 178.014772 0.703514 
956.267547 418.226053 166.947481 0.701531 
956.820443 417.847867 173.161146 0.702905 
957.174082 417.146942 173.606159 0.701057 
957.725084 416.768376 166.476673 0.700139 
958.095768 416.081836 178.080907 0.707113 
958.608152 415.665341 157.919340 0.706842 
959.027215 415.023255 180.156101 0.707085 
959.947754 413.957612 179.673681 0.681603 
960.338851 413.264133 162.871130 0.662114 
960.837703 412.873931 174.951437 0.660423 
961.187676 412.148258 173.363638 0.668596 
961.713190 411.766728 166.139456 0.682817 
962.086873 411.073919 178.747331 0.705004 
962.598287 410.649632 157.128495 0.717233 
963.027996 410.025232 180.547566 0.733514 
963.993317 408.993721 180.952221 0.754179 
964.460943 408.439694 152.037961 0.761809 
964.974886 407.975616 180.976947 0.770655 
965.421530 407.415296 154.198034 0.777949 
965.969481 406.969474 180.961276 0.785509 
966.415576 406.422216 154.164936 0.793323 
966.976216 405.975445 180.982948 0.801360 
967.442277 405.466084 151.805815 0.811601 
967.995950 404.995663 181.023738 0.819612 
968.549749 404.507892 150.757761 0.829787 
969.026740 404.029368 180.686947 0.832196 
969.642598 403.599890 156.920885 0.841718 
970.067566 403.076516 179.017765 0.847439 
970.735939 402.691974 163.703290 0.862098 
971.123353 402.145951 175.086923 0.869113 
971.825598 401.789575 170.817913 0.878735 
972.201802 401.246031 168.432352 0.883843 
972.905249 400.884813 176.882309 0.882436 
973.314180 400.385163 158.894865 0.886552 
973.978005 399.973135 180.002266 0.884752 
975.055427 399.070463 178.766085 0.904274 
975.768184 398.695691 165.007499 0.919801 
976.152360 398.202073 171.958442 0.924749 
976.890729 397.854565 175.301307 0.926440 
977.295108 397.395084 159.181057 0.929250 
977.989278 396.985875 179.439000 0.921489 
978.665642 396.545257 155.444466 0.936791 
979.089991 396.123383 175.961084 0.940631 
979.841257 395.776167 170.242861 0.953923 
980.225639 395.321774 164.035450 0.959243 
980.965319 394.950964 178.107775 0.955215 
982.083165 394.121682 175.780174 0.971259 
982.853646 393.781542 170.655641 0.980529 
983.240851 393.361695 161.805492 0.983327 
983.987068 392.980900 177.991477 0.975636 
984.715714 392.567940 157.657822 0.988833 
985.117387 392.178369 172.893146 0.988739 
985.898895 391.845848 174.156867 0.990300 
986.311822 391.481048 155.144653 0.995678 
987.030449 391.045867 177.636036 0.984736 
987.794029 390.684752 164.744316 0.992062 
988.174922 390.265348 167.752677 0.987970 
988.942549 389.915907 177.028355 0.971445 
990.058960 389.082619 177.518723 0.950974 
990.803505 388.726405 167.375567 0.947963 
991.183654 388.250926 168.751636 0.938976 
991.918351 387.893609 177.310528 0.916224 
992.346898 387.436445 155.881748 0.899217 
992.993391 386.992218 180.423508 0.866764 
993.589139 386.530487 152.657010 0.851922 
994.041166 386.045115 180.000134 0.831138 
994.642843 385.629195 157.618699 0.804144 
995.052568 385.049833 179.285124 0.758691 
995.542099 384.615006 153.098146 0.699118 
995.971908 383.980533 175.916765 0.605989 
996.364090 383.142062 155.598325 0.372014 
996.528324 382.859949 153.165569 0.288631 
996.673735 382.019187 153.872208 -0.058740 
996.095205 380.928145 161.828877 -0.646526 
995.732718 380.343139 154.632764 -0.909035 
994.999872 380.000246 171.965977 -1.090070 
994.103059 379.690492 163.537614 -1.249367 
992.919729 379.330122 162.949661 -1.332271 
991.972184 379.068900 167.015792 -1.187090 
991.207767 378.738513 157.156147 -0.899382 
990.827025 378.124701 162.688571 -0.624628 
990.477853 377.771369 153.855831 -0.446263 
990.143930 376.946643 169.427601 -0.355006 
989.911135 376.029599 170.090609 -0.321515 
989.665729 375.105130 163.146474 -0.304711 
989.249977 373.920045 166.225742 -0.309565 
989.022032 372.992772 170.467863 -0.316988 
988.799841 372.064304 167.553158 -0.310849 
988.515967 371.148063 156.622051 -0.296855 
988.394179 370.876657 160.413585 -0.303258 
988.134437 369.955589 169.069347 -0.319061 
987.913759 369.028563 169.880573 -0.319825 
987.669513 368.104879 163.034008 -0.307296 
987.250995 366.919735 165.866019 -0.309509 
987.027282 365.991465 169.784523 -0.303188 
986.822182 365.047245 167.240697 -0.259692 
986.621872 364.075753 161.442488 -0.197719 
986.398881 362.933028 160.393303 -0.166349 
986.254206 361.957679 163.958243 -0.164970 
986.125781 360.978685 165.456497 -0.167865 
985.995720 360.000739 165.771787 -0.171050 
985.867693 359.022258 165.273940 -0.166668 
985.738574 358.043624 163.749861 -0.165347 
985.593452 357.065670 160.100176 -0.160147 
985.396445 355.935672 160.460927 -0.160859 
985.252160 354.957868 164.061025 -0.165554 
985.123009 353.978995 165.513323 -0.169131 
984.991697 353.001476 165.921839 -0.175931 
984.856180 352.027451 165.607280 -0.188602 
984.692414 351.075135 162.864201 -0.239580 
984.276709 349.894740 165.027481 -0.363496 
983.993279 349.003051 173.732812 -0.426155 
983.694689 348.140890 165.206622 -0.432346 
983.455382 347.792162 157.838110 -0.428166 
983.095933 346.954336 173.529915 -0.444263 
982.811332 346.089349 170.685210 -0.442288 
982.193992 344.908392 170.506585 -0.441182 
981.908751 344.043476 173.662867 -0.444632 
981.551781 343.205981 158.228748 -0.430772 
981.307333 342.856498 165.175637 -0.436841 
980.999238 342.000366 174.575752 -0.447781 
980.690448 341.145102 165.008471 -0.438335 
980.444055 340.795299 158.387145 -0.431947 
980.088391 339.957843 173.691917 -0.445023 
979.802635 339.093495 170.325818 -0.442401 
979.189747 337.912031 170.478099 -0.434117 
978.917897 337.035236 172.467440 -0.405395 
978.617293 336.125396 160.674266 -0.316631 
978.499113 335.857794 156.438037 -0.277563 
978.263339 334.940935 164.601278 -0.220643 
978.105744 333.979234 166.214279 -0.193913 
977.966094 333.006385 166.235509 -0.186134 
977.825689 332.033353 165.725887 -0.189056 
977.670479 331.063627 162.690520 -0.190742 
977.434137 329.918615 159.011031 -0.185314 
977.263542 328.949424 164.284576 -0.189602 
977.113834 327.977588 166.232922 -0.194395 
976.968104 327.006384 166.596660 -0.197537 
976.818480 326.037619 166.077073 -0.204353 
976.637698 325.089558 162.282401 -0.242332 
976.193086 323.915177 169.286542 -0.413924 
975.892911 323.062384 174.615758 -0.527486 
975.125935 321.917757 175.495533 -0.578524 
974.794353 321.133096 171.726648 -0.574408 
974.403744 320.742130 159.880563 -0.568389 
974.011761 319.992415 178.075787 -0.572824 
973.637466 319.226256 162.337057 -0.557949 
973.250600 318.844142 169.059420 -0.556395 
972.916425 318.051951 176.659623 -0.556156 
972.156402 316.905765 173.936272 -0.542270 
971.837484 316.096291 173.521852 -0.534889 
971.098013 314.942615 175.663013 -0.529677 
970.778343 314.126622 170.194479 -0.519014 
970.463620 313.742058 157.064304 -0.507717 
970.067570 312.962231 175.636544 -0.509701 
969.749511 312.134615 168.257715 -0.493126 
969.457978 311.761666 157.457776 -0.479837 
969.077866 310.959482 174.654216 -0.479798 
968.776362 310.111284 169.332350 -0.461732 
968.143649 308.931408 172.299739 -0.445485 
967.863634 308.062601 172.166804 -0.430369 
967.297856 306.876531 165.336459 -0.392966 
967.021867 305.991272 172.499442 -0.379774 
966.766998 305.083552 167.159584 -0.344305 
966.348764 303.905251 161.714044 -0.265268 
966.170270 302.970097 164.521107 -0.173847 
966.082132 301.995447 163.542081 -0.055377 
966.084608 301.005003 163.619978 0.059065 
966.172558 300.029347 164.656277 0.168458 
966.344129 299.089229 162.080763 0.253703 
966.757399 297.911502 166.862474 0.349788 
967.024386 297.010514 173.155517 0.407056 
967.322426 296.150394 164.477533 0.436446 
967.581301 295.797802 159.358990 0.449890 
967.948804 294.972378 175.647670 0.494766 
968.269096 294.152823 167.801617 0.516491 
968.614901 293.775259 161.022398 0.528268 
968.994344 292.996453 177.681621 0.560090 
969.366789 292.236483 162.014028 0.572666 
969.777164 291.851275 170.629638 0.588524 
970.118090 291.082484 176.402888 0.609710 
970.500490 290.647683 153.512450 0.614291 
970.961162 289.971613 179.030397 0.631173 
971.343734 289.249700 162.825421 0.628248 
971.812992 288.861402 172.940404 0.637803 
972.159934 288.122894 174.579025 0.655177 
972.654013 287.726992 161.894774 0.668042 
973.047679 287.039029 179.730431 0.685962 
973.964849 285.970678 180.254317 0.695223 
974.373284 285.312038 159.669041 0.696268 
974.892070 284.907462 177.614059 0.708767 
975.257944 284.225973 167.352778 0.719428 
975.832526 283.850351 173.695418 0.729248 
976.188829 283.169474 172.132249 0.731434 
976.776294 282.798901 169.527994 0.732231 
977.139163 282.126995 175.377966 0.739714 
977.735237 281.750436 165.850695 0.755856 
978.111855 281.111607 176.641523 0.784289 
978.751290 280.735462 165.840911 0.816227 
979.128093 280.142066 175.164090 0.837072 
979.804145 279.779282 169.714699 0.845013 
980.175237 279.196466 171.399974 0.842450 
980.856858 278.839669 173.937040 0.841976 
981.233823 278.265330 166.529008 0.848436 
981.907789 277.894961 177.530187 0.850340 
982.308886 277.351653 160.406425 0.850054 
982.952319 276.947018 179.945426 0.838012 
983.399941 276.442188 153.962831 0.835522 
983.990694 275.989734 180.858774 0.834429 
984.554554 275.500194 150.674074 0.842844 
985.029645 275.033070 180.490506 0.839948 
985.651262 274.610219 157.552453 0.840916 
986.070743 274.078664 178.867363 0.838368 
986.729635 273.694623 163.567074 0.846136 
987.116606 273.132797 175.879910 0.850223 
987.799917 272.770784 169.279671 0.853154 
988.172012 272.195275 171.656166 0.848651 
988.856523 271.838721 174.001191 0.843748 
989.233806 271.264011 166.630339 0.845998 
989.907068 270.894554 177.504087 0.848398 
990.307364 270.350281 160.490945 0.850564 
990.951513 269.945988 179.817387 0.839246 
991.398201 269.439347 154.049333 0.834486 
991.989014 268.987958 180.782930 0.831210 
993.025562 268.028329 180.572658 0.836704 
993.632434 267.597109 156.412522 0.831216 
994.056199 267.059254 179.718974 0.811851 
994.653576 266.653409 159.043848 0.785638 
995.057731 266.054303 179.661013 0.754810 
995.580012 265.626111 155.547862 0.727394 
996.017466 265.015196 180.455845 0.716000 
996.952249 263.959594 179.933602 0.702272 
997.352526 263.292804 161.134434 0.693116 
997.873716 262.894589 176.620970 0.695552 
998.231981 262.193048 169.606513 0.694053 
998.781074 261.817794 170.510079 0.694111 
999.137981 261.115520 175.859385 0.697026 
999.669229 260.723083 162.518820 0.697007 
1000.059322 260.050243 179.763179 0.702721 
1000.518723 259.595783 152.730674 0.698592 
1000.989136 258.990740 180.725329 0.705862 
1001.427295 258.359566 155.950326 0.699535 
1001.916480 257.929784 178.773653 0.699070 
1002.292028 257.242357 165.446781 0.692715 
1002.832061 256.860227 174.166504 0.694120 
1003.184270 256.152997 173.122436 0.692937 
1003.727481 255.774512 166.898687 0.691239 
1004.096442 255.080782 178.117716 0.697266 
1004.597565 254.661567 157.466334 0.699225 
1005.022819 254.019507 180.394280 0.707307 
1005.954609 252.961393 180.151823 0.704814 
1006.356481 252.297704 160.824422 0.695791 
1006.877261 251.897521 176.824245 0.695681 
1007.237087 251.196454 169.257460 0.691949 
1007.783875 250.820914 170.742052 0.691950 
1008.139792 250.116360 175.865573 0.694178 
1008.668547 249.724488 162.657377 0.693493 
1009.058916 249.049788 179.818279 0.701619 
1009.518634 248.593988 152.619737 0.700684 
1009.989062 247.990644 180.585233 0.707613 
1010.428252 247.361087 155.781004 0.700512 
1010.916992 246.930264 178.733631 0.698728 
1011.293008 246.242986 165.397507 0.692342 
1011.835397 245.861838 174.305361 0.698287 
1012.190824 245.164277 172.287968 0.710776 
1012.772546 244.793375 168.905461 0.737449 
1013.140118 244.139134 174.419150 0.781873 
1013.792219 243.771752 168.576282 0.832302 
1014.164317 243.194002 171.843937 0.868054 
1014.868460 242.838576 174.210578 0.887054 
1015.254706 242.318494 163.648658 0.896225 
1015.948134 241.935771 179.081176 0.891487 
1017.021131 241.025743 179.995906 0.883472 
1017.686944 240.611724 158.713508 0.892243 
1018.096958 240.120787 176.410904 0.894398 
1018.813255 239.762940 169.142419 0.903569 
1019.191236 239.243552 168.782096 0.905148 
1019.907692 238.884452 176.882560 0.896743 
1020.321226 238.399727 158.169964 0.893856 
1020.983304 237.979727 180.313334 0.881862 
1021.600292 237.505915 152.361203 0.890601 
1022.055566 237.068614 179.122623 0.890089 
1022.753505 236.689242 164.335782 0.900213 
1023.139384 236.175835 173.499931 0.900523 
1023.862409 235.826001 173.533120 0.901714 
1024.249097 235.315197 163.909417 0.902005 
1024.946617 234.933888 178.902690 0.891518 
1026.019461 234.023676 179.956023 0.882785 
1026.684621 233.606867 158.462391 0.894704 
1027.095645 233.119875 176.522757 0.897357 
1027.812726 232.762102 169.181716 0.903907 
1028.190747 232.241822 168.931635 0.902928 
1028.906461 231.883401 176.842821 0.894695 
1029.318776 231.396203 158.380572 0.893270 
1029.980631 230.976576 180.302772 0.879886 
1031.037918 230.042906 180.040263 0.847036 
1031.656213 229.633166 158.423887 0.817819 
1032.065957 229.066356 179.318560 0.788411 
1032.649096 228.662689 159.331384 0.765650 
1033.055633 228.051935 179.916952 0.751036 
1033.582251 227.619526 155.457496 0.738734 
1034.022107 227.020077 180.697493 0.737315 
1034.986835 225.987778 180.918045 0.748284 
1035.439799 225.410345 153.715688 0.750767 
1035.956000 224.959182 180.388068 0.747901 
1036.372607 224.335950 158.687530 0.733710 
1036.914555 223.923795 178.646797 0.728297 
1037.296381 223.263362 164.283890 0.726477 
1037.868658 222.880897 175.979822 0.736570 
1038.230824 222.213009 168.874738 0.745280 
1038.829183 221.841910 173.364514 0.746721 
1039.186241 221.169751 172.366226 0.739111 
1039.776337 220.800040 169.792045 0.729503 
1040.137872 220.122591 175.840833 0.726797 
1040.711059 219.741235 164.888199 0.730359 
1041.090473 219.083012 178.538552 0.742416 
1041.652922 218.678541 160.230992 0.747096 
1042.056034 218.052025 180.034487 0.748319 
1042.581805 217.617359 155.426747 0.741032 
1043.021562 217.019631 180.810204 0.738558 
1043.985860 215.986930 180.994581 0.746113 
1044.436504 215.407401 154.003976 0.750926 
1044.955795 214.958692 180.571996 0.751533 
1045.371731 214.339604 158.734719 0.740264 
1045.917766 213.926071 179.064776 0.732269 
1046.301560 213.266920 164.148092 0.724539 
1046.869936 212.883428 176.300245 0.730746 
1047.232424 212.211893 168.933837 0.739225 
1047.827524 211.840819 173.227172 0.745334 
1048.184104 211.168476 172.339881 0.741102 
1048.771649 210.796570 169.192305 0.727746 
1049.129294 210.109713 175.770149 0.703654 
1049.630858 209.710874 160.091818 0.664437 
1050.015310 209.010609 178.234425 0.605998 
1050.434509 208.250591 158.269619 0.523128 
1050.755868 207.868554 169.348647 0.493910 
1051.063455 207.031802 174.808061 0.464590 
1051.418503 206.195185 159.545879 0.436398 
1051.669877 205.846509 163.989727 0.435217 
1051.979865 204.990663 174.134199 0.434228 
1052.271785 204.119847 166.692724 0.415315 
1052.842978 202.931863 170.990042 0.409414 
1053.107809 202.045452 172.006231 0.398981 
1053.429511 201.166553 159.053238 0.369922 
1053.615393 200.851882 161.175673 0.367609 
1053.907796 199.964180 171.354345 0.370541 
1054.152486 199.056230 169.683465 0.353285 
1054.451997 198.149271 157.863010 0.318972 
1054.590673 197.866223 159.794006 0.315879 
1054.855515 196.952961 168.680417 0.314738 
1055.069718 196.021488 169.558174 0.298981 
1055.287654 195.078053 164.435343 0.264964 
1055.608561 193.909891 160.413562 0.226259 
1055.795850 192.956045 165.290636 0.212069 
1055.945468 191.990128 165.812815 0.179083 
1056.063681 191.007256 164.471943 0.113452 
1056.125292 190.005265 163.577054 0.042001 
1056.136216 188.997761 163.453348 -0.016436 
1056.093683 187.990304 164.230973 -0.103131 
1055.961776 187.008917 166.704452 -0.229173 
1055.750806 186.088127 165.660424 -0.339922 
1055.182610 184.908529 170.630389 -0.464375 
1054.872601 184.075963 174.488533 -0.537664 
1054.072756 182.947345 177.624630 -0.626468 
1053.711067 182.226916 165.713379 -0.665750 
1053.182800 181.846293 172.577078 -0.699155 
1052.828068 181.153918 173.228697 -0.730172 
1052.230664 180.781953 168.443001 -0.757286 
1051.863865 180.136376 175.035485 -0.786283 
1051.218290 179.769081 168.336036 -0.813505 
1050.846986 179.168956 173.193251 -0.834871 
1050.162343 178.812212 171.997635 -0.857943 
1049.785939 178.259146 167.355359 -0.880385 
1049.082830 177.896176 177.209473 -0.897404 
1048.661434 177.440599 155.970082 -0.915609 
1047.993004 177.009279 179.420523 -0.924739 
1047.284855 176.595762 158.955951 -0.956942 
1046.881819 176.173482 173.555998 -0.972777 
1046.103250 175.840425 173.708958 -0.996512 
1045.695971 175.493782 154.842398 -1.018901 
1044.956735 175.073469 175.687206 -1.038586 
1044.130955 174.750544 167.647476 -1.087379 
1043.765153 174.483711 156.190383 -1.118807 
1042.947131 174.115688 172.115087 -1.142138 
1042.067652 173.842385 170.544900 -1.165353 
1040.878725 173.297076 164.967577 -1.183215 
1039.993155 173.016447 172.803972 -1.176381 
1039.104686 172.744978 166.974255 -1.181274 
1037.916740 172.199236 169.196175 -1.174956 
1037.028141 171.933432 172.425725 -1.170837 
1036.152020 171.629151 161.412040 -1.181765 
1035.826178 171.425645 158.831290 -1.183092 
1034.956923 171.101084 171.826942 -1.167952 
1034.069477 170.836368 170.343556 -1.169271 
1032.880696 170.290158 165.404544 -1.180697 
1031.995659 170.010389 172.925736 -1.175043 
1031.108158 169.736665 166.568794 -1.181079 
1029.919895 169.193445 169.229367 -1.178197 
1029.026780 168.933785 171.868442 -1.186469 
1028.125250 168.648794 161.737446 -1.228230 
1026.933939 168.218442 166.143360 -1.277120 
1025.996494 168.012319 168.835592 -1.293539 
1025.050345 167.815628 166.771579 -1.304233 
1024.104493 167.590591 159.650885 -1.320903 
1022.931262 167.262702 164.962588 -1.314876 
1021.982369 167.065788 168.420813 -1.308959 
1021.031788 166.879940 167.854544 -1.311970 
1020.084583 166.676957 163.148885 -1.314714 
1018.912417 166.333962 162.819192 -1.314317 
1017.966058 166.128320 167.814474 -1.312209 
1017.015435 165.942733 168.460296 -1.307532 
1016.068627 165.744753 165.137044 -1.308143 
1014.895874 165.412857 159.591795 -1.323741 
1013.949340 165.193216 166.534176 -1.314376 
1012.999078 165.003433 168.531175 -1.308397 
1012.048852 164.814158 166.670679 -1.313743 
1011.102394 164.596156 159.933106 -1.322481 
1009.929779 164.262863 164.919949 -1.309753 
1008.982561 164.065033 168.381646 -1.308810 
1008.031904 163.879794 167.893535 -1.311368 
1007.085563 163.674975 163.092663 -1.313385 
1005.913452 163.332805 162.787275 -1.316377 
1004.966006 163.128501 167.738464 -1.312176 
1004.015501 162.942230 168.466322 -1.308643 
1003.065298 162.747092 165.182937 -1.318126 
1002.113374 162.511628 156.462790 -1.342690 
1001.897796 162.440838 158.440361 -1.342982 
1000.946497 162.236036 164.881129 -1.347890 
999.984603 162.073023 166.589531 -1.362989 
999.014720 161.925607 166.412897 -1.375445 
998.042983 161.778644 165.212151 -1.379003 
997.073293 161.614163 160.912495 -1.383074 
995.928151 161.374167 161.046611 -1.381082 
994.958511 161.211925 165.057787 -1.377469 
993.987329 161.063973 166.370185 -1.375265 
993.015888 160.919103 166.327902 -1.376871 
992.044597 160.771977 165.022931 -1.377655 
991.081789 160.601577 160.636478 -1.368327 
989.911839 160.270271 165.286728 -1.255485 
989.016498 159.968469 172.874494 -1.088729 
988.279728 159.613831 157.970585 -0.943904 
987.883426 159.136060 173.487394 -0.862377 
987.208794 158.781116 168.883963 -0.808986 
986.840616 158.161408 173.415154 -0.791709 
986.199500 157.800119 170.558594 -0.786353 
985.837038 157.163037 173.395031 -0.785629 
985.198827 156.800995 170.649230 -0.785845 
984.836560 156.163805 173.366416 -0.786513 
984.197503 155.801824 170.747173 -0.787099 
983.835336 155.165217 173.269234 -0.787076 
983.196194 154.803355 170.845661 -0.786545 
982.834108 154.166072 173.171706 -0.785939 
982.195525 153.804297 170.900513 -0.785854 
981.833542 153.166727 173.144272 -0.786205 
981.194687 152.804962 170.999177 -0.786298 
980.832874 152.167384 173.144219 -0.786169 
980.194150 151.805767 171.094789 -0.785610 
979.832493 151.167388 173.158633 -0.785042 
979.194500 150.806027 171.021024 -0.784040 
978.830182 150.166755 172.450588 -0.776296 
978.197934 149.812453 167.917304 -0.758460 
977.846462 149.109706 161.860319 -0.620405 
977.446125 148.750289 145.659934 -0.510285 
977.186866 147.992766 146.441657 -0.038694 
977.439994 147.231619 144.472970 0.484555 
977.825745 146.870201 156.342695 0.640216 
978.182874 146.199994 165.722054 0.830085 
978.874248 145.854205 173.953497 0.859075 
979.264544 145.312898 163.257523 0.868941 
979.939555 144.929475 179.169045 0.862204 
980.377788 144.442071 154.768927 0.863646 
980.993666 143.992724 180.633366 0.854521 
981.588067 143.523039 152.363284 0.858424 
982.046459 143.053896 179.647307 0.859362 
982.708716 142.655350 161.269259 0.869118 
983.105750 142.124748 176.372864 0.867632 
983.801920 141.764757 169.018646 0.870952 
984.177323 141.211589 170.739377 0.873278 
984.878234 140.854958 175.200106 0.872419 
985.266951 140.317580 163.258996 0.871797 
985.941206 139.931372 179.319953 0.862426 
986.381345 139.443674 154.625274 0.860803 
986.992437 138.991437 180.791352 0.847292 
987.561230 138.512719 151.194128 0.837735 
988.027089 138.028716 180.433925 0.814544 
988.589881 137.589634 154.359417 0.785699 
989.027349 137.025608 180.340762 0.752542 
989.981220 135.983951 180.400876 0.707152 
990.413782 135.342433 156.979955 0.691326 
990.903332 134.920421 178.201279 0.688736 
991.270051 134.219612 167.314132 0.682752 
991.804815 133.841100 172.567298 0.683281 
992.156438 133.127517 174.963616 0.683896 
992.679507 132.739143 163.533139 0.683173 
993.064346 132.053207 179.203268 0.690917 
993.513521 131.598134 152.365290 0.690437 
993.984600 130.987111 180.189663 0.696879 
994.414377 130.341077 156.951161 0.688674 
994.902286 129.919557 178.073523 0.688755 
995.269158 129.220380 167.324349 0.686086 
995.813251 128.844090 173.004628 0.695641 
996.169552 128.148481 173.832940 0.719241 
996.761917 127.775804 167.923527 0.755367 
997.132294 127.135992 175.024693 0.799182 
997.794045 126.769254 168.649043 0.842104 
998.166604 126.196916 171.572674 0.868590 
998.868711 125.840825 174.203973 0.881108 
999.254682 125.312654 163.815580 0.887228 
999.943719 124.931449 179.039424 0.883378 
1000.394999 124.487640 152.688043 0.889975 
1001.015230 124.018644 180.241458 0.885852 
1001.679103 123.597569 158.065104 0.897646 
1002.093034 123.117070 176.797639 0.899306 
1002.813161 122.760032 169.097418 0.909240 
1003.192190 122.248859 168.511837 0.913186 
1003.915393 121.890924 176.924598 0.911072 
1004.339441 121.441173 155.885454 0.914991 
1005.003429 121.004390 179.819403 0.907681 
1005.680343 120.578595 157.401636 0.921845 
1006.095824 120.127175 176.307377 0.925073 
1006.835785 119.777599 170.633393 0.934778 
1007.218103 119.297527 165.659441 0.938230 
1007.948786 118.930700 178.174729 0.934358 
1009.051951 118.071149 177.829218 0.940107 
1009.791543 117.707008 165.729855 0.952411 
1010.174059 117.247121 168.785980 0.957157 
1010.928830 116.898635 176.579208 0.958652 
1012.046883 116.068138 177.407831 0.968135 
1012.809013 115.712458 166.228295 0.984500 
1013.190132 115.291607 166.126487 0.993007 
1013.962837 114.942132 177.081498 0.999916 
1014.700647 114.505219 154.942176 1.026693 
1015.106214 114.176564 172.913929 1.029228 
1015.913587 113.855140 174.247712 1.032937 
1017.058297 113.092723 176.250589 1.009526 
1017.832453 112.751433 169.066975 0.977699 
1018.213117 112.285467 165.645291 0.929503 
1018.916718 111.906449 176.901139 0.843404 
1019.326493 111.302725 160.136467 0.747643 
1019.857382 110.892050 173.864513 0.647913 
1020.194390 110.107386 168.995342 0.504703 
1020.759187 108.932200 164.130744 0.274442 
1020.911586 107.990670 163.652546 0.105142 
1020.925587 107.004930 163.574810 -0.066159 
1020.816493 106.037028 164.962662 -0.199107 
1020.615529 105.112480 160.828220 -0.284615 
1020.499890 104.843092 155.530411 -0.304147 
1020.159383 103.933735 170.594564 -0.394019 
1019.884073 103.056032 173.051961 -0.450229 
1019.213131 101.881015 170.291269 -0.509170 
1018.891749 101.066397 175.616909 -0.550186 
1018.116484 99.925118 175.296392 -0.571335 
1017.792371 99.122024 169.869519 -0.531327 
1017.491738 98.739090 155.320351 -0.487817 
1017.115936 97.946695 171.910221 -0.430957 
1016.846038 97.061443 170.241543 -0.379714 
1016.515672 96.174425 156.654906 -0.345678 
1016.355527 95.870025 162.402837 -0.350491 
1016.077560 94.970454 171.424387 -0.363968 
1015.832517 94.063009 169.501279 -0.359830 
1015.511689 93.174620 156.455300 -0.343428 
1015.353032 92.870788 162.462476 -0.350862 
1015.075193 91.971223 171.506286 -0.365507 
1014.829429 91.064295 169.452902 -0.360472 
1014.506362 90.175976 156.249657 -0.342443 
1014.349605 89.872461 162.650756 -0.349806 
1014.073628 88.971950 171.483215 -0.363995 
1013.829869 88.062856 169.137340 -0.353900 
1013.519608 87.155813 156.400468 -0.313639 
1013.389573 86.876370 160.507202 -0.307295 
1013.145184 85.957174 167.838498 -0.286843 
1012.949310 85.013851 168.466523 -0.266732 
1012.755812 84.062700 165.376939 -0.251339 
1012.524179 83.113624 157.226438 -0.234406 
1012.447463 82.892670 158.404307 -0.235415 
1012.225175 81.942693 165.802640 -0.249208 
1012.036648 80.990286 168.276994 -0.259095 
1011.850321 80.039511 167.220419 -0.258086 
1011.643269 79.089104 161.758920 -0.244770 
1011.321894 77.919874 163.127552 -0.243962 
1011.123104 76.968129 167.680227 -0.253331 
1010.940823 76.015441 168.170423 -0.255236 
1010.750847 75.063903 165.258531 -0.251069 
1010.516176 74.116437 156.914687 -0.236170 
1010.439031 73.893943 158.797075 -0.237030 
1010.218922 72.944514 166.081942 -0.248224 
1010.032114 71.991583 168.324109 -0.256344 
1009.847435 71.039437 166.988113 -0.252953 
1009.644145 70.077287 160.916532 -0.213865 
1009.429986 68.969781 157.280736 -0.070163 
1009.485682 68.075739 154.640996 0.154697 
1009.533155 67.894947 153.915761 0.221342 
1009.892599 66.948458 171.002762 0.447443 
1010.190345 66.110879 171.489053 0.527463 
1010.509333 65.709252 155.027628 0.534929 
1010.935772 64.960456 176.860858 0.551865 
1011.273938 64.166518 167.509953 0.546185 
1011.650283 63.788180 163.073579 0.544592 
1012.013210 63.008146 177.444905 0.552555 
1012.394392 62.237956 160.562388 0.542880 
1012.761174 61.854722 169.587323 0.546502 
1013.091445 61.056321 176.319754 0.552032 
1013.853982 59.910717 174.434381 0.548796 
1014.176286 59.107486 173.060995 0.547542 
1014.506457 58.703276 155.237966 0.541310 
1014.936303 57.960603 177.015815 0.553916 
1015.275139 57.167549 167.488835 0.546982 
1015.652121 56.789544 163.218701 0.544064 
1016.011627 56.007059 176.990336 0.545641 
1016.386206 55.212669 159.678327 0.503352 
1016.694481 54.845189 164.256458 0.469005 
1016.975081 53.991130 169.745923 0.341962 
1017.182655 53.029861 165.213234 0.162050 
1017.261282 52.010480 163.543792 0.040090 
1017.268994 51.000924 163.433805 0.003434 
1017.268696 49.999937 163.433308 -0.000236 
1017.268630 48.999988 163.433303 -0.000043 
1017.268627 48.000000 163.433303 -0.000002 
1017.268627 47.000000 163.433303 0.000000 
1017.268627 46.000000 163.433303 0.000000 
1017.268627 45.000000 163.433303 0.000000 
1017.268627 44.000000 163.433303 0.000000 
1017.268627 43.000000 163.433303 0.000000 
1017.268627 42.000000 163.433303 0.000000 
1017.268628 41.000003 163.433303 0.000011 
1017.268645 40.000038 163.433305 0.000143 
1017.268857 39.000194 163.433346 0.000722 
1017.269804 38.000419 163.433501 0.001554 
1017.271351 37.000389 163.433471 0.001433 
1017.272108 36.000039 163.433305 0.000143 
1017.271582 34.999810 163.433343 -0.000699 
1017.270984 34.000003 163.433303 0.000011 
1017.271600 33.000229 163.433361 0.000842 
1017.272337 32.000158 163.433331 0.000580 
1017.272531 31.000033 163.433305 0.000121 
1017.272532 29.999970 163.433304 -0.000112 
1017.272351 28.999852 163.433327 -0.000542 
1017.271656 27.999440 163.433651 -0.002063 
1017.268699 26.995626 163.454213 -0.016275 
1017.238460 25.980383 163.956412 -0.082081 
1017.111055 24.975726 166.827262 -0.215192 
1016.902984 24.034050 169.564411 -0.337545 
1016.620927 23.154445 161.002340 -0.386894 
1016.410922 22.828598 159.492811 -0.395173 
1016.082824 21.962991 173.000188 -0.420223 
1015.808445 21.085005 170.078591 -0.417654 
1015.227491 19.899578 168.638488 -0.415705 
1014.948474 19.023065 173.530476 -0.420883 
1014.635203 18.158486 162.200636 -0.409849 
1014.400869 17.820526 160.073680 -0.420949 
1014.047455 16.974068 171.386723 -0.500126 
1013.709531 16.222489 152.999768 -0.653639 
1013.060560 15.901143 150.898870 -1.021163 
1012.050143 15.489803 148.334955 -1.672815 
1010.942062 15.830243 166.555774 -1.899701 
1010.034596 16.085588 171.423220 -1.954927 
1009.154996 16.392091 160.423834 -1.947250 
1008.836283 16.585922 159.415128 -1.947311 
1007.958537 16.899683 171.565368 -1.962733 
1007.065441 17.158985 170.167256 -1.961280 
1005.874877 17.687343 164.248046 -1.951468 
1004.987458 17.969582 172.735939 -1.961880 
1004.096305 18.236075 167.798371 -1.958129 
1002.908223 18.772884 168.080360 -1.954832 
1002.014542 19.035817 172.417631 -1.956468 
1001.125496 19.316761 163.838624 -1.948008 
999.934790 19.839634 169.834764 -1.957007 
999.039252 20.096678 171.283552 -1.956474 
998.157533 20.403373 159.727199 -1.943120 
997.840715 20.592439 159.526310 -1.943368 
996.959800 20.901494 171.337921 -1.958260 
996.064851 21.159062 170.033731 -1.957931 
994.873960 21.684096 164.053162 -1.950425 
993.987212 21.969339 172.869517 -1.965953 
993.110085 22.247250 167.822096 -1.989683 
991.968162 22.956366 170.679034 -2.201143 
991.396400 23.351501 149.518297 -2.416156 
991.033180 24.016709 167.986666 -2.675080 
990.738257 24.931717 164.905641 -2.886402 
990.537771 25.921348 158.210325 -2.973049 
990.337434 27.056481 162.096525 -2.975746 
990.201065 28.034072 164.919398 -2.973731 
990.070049 29.012033 165.719968 -2.971477 
989.943193 29.990488 165.626555 -2.975687 
989.818274 30.969815 165.128617 -2.976996 
989.684729 31.948716 163.161798 -2.980338 
989.531885 32.926485 157.904104 -2.985821 
989.499226 33.079718 156.581518 -2.983247 
989.336077 34.056295 162.050387 -2.975628 
989.200199 35.033509 164.798679 -2.975751 
989.074000 36.011424 165.250531 -2.988424 
988.968736 36.996869 164.243174 -3.041794 
988.917484 37.997075 163.535788 -3.106156 
988.908239 38.999501 163.435718 -3.136157 
988.907831 39.999979 163.433308 -3.141363 
988.907842 41.000001 163.433303 3.141585 
988.907843 42.000000 163.433303 3.141592 
988.907843 43.000000 163.433303 -3.141593 
988.907850 43.999999 163.433178 -3.141579 
988.908140 44.999952 163.421791 -3.141069 
988.912516 45.999284 163.122546 -3.133406 
988.929413 46.995559 159.817607 -3.078759 
988.842055 47.957335 145.393506 -2.877763 
987.943521 48.825984 133.632061 -1.884631 
987.007446 48.962539 156.510283 -1.374596 
986.108257 48.726952 161.947804 -1.193333 
984.941699 48.131728 171.411715 -1.154123 
984.063730 47.855907 171.120418 -1.154376 
982.876049 47.286303 165.551312 -1.162224 
982.001488 46.996653 173.400348 -1.152538 
981.131532 46.702812 165.245041 -1.154124 
980.786106 46.483137 156.245500 -1.154015 
979.950046 46.099452 173.384694 -1.105312 
979.127667 45.786023 170.035759 -1.032853 
978.728221 45.396318 158.238764 -0.969692 
978.022092 44.973678 178.979753 -0.872538 
976.985732 44.014501 180.855074 -0.793497 
976.449667 43.549720 151.956014 -0.786079 
975.982667 43.017315 180.960599 -0.784876 
975.449788 42.550523 151.984354 -0.785052 
974.982923 42.017074 180.961311 -0.785298 
974.450009 41.550008 151.958791 -0.785380 
973.982965 41.017035 180.961311 -0.785396 
973.450019 40.549981 151.957497 -0.785398 
972.982965 40.017035 180.961311 -0.785400 
972.449992 39.549991 151.958800 -0.785417 
971.982926 39.017078 180.961293 -0.785500 
971.449443 38.550223 151.985805 -0.785769 
970.982623 38.017401 180.958117 -0.786080 
970.449017 37.550798 152.005195 -0.785604 
969.984256 37.015583 180.815201 -0.780269 
969.487177 36.535712 150.037385 -0.761346 
969.016577 35.985649 178.963106 -0.713546 
968.577201 35.300677 155.980919 -0.618175 
968.187196 34.886601 170.906698 -0.544656 
967.876662 34.059318 172.474370 -0.448283 
967.309546 32.875195 164.933676 -0.383251 
967.027792 31.988551 172.888243 -0.390782 
966.761734 31.096199 167.679607 -0.383732 
966.230105 29.907550 168.020569 -0.382033 
965.966114 29.013884 172.741735 -0.388850 
965.684595 28.125432 164.298998 -0.378509 
965.160415 26.934559 170.306115 -0.387341 
964.902706 26.039898 171.871250 -0.389160 
964.593848 25.159133 160.180865 -0.373423 
964.402544 24.842245 160.355768 -0.373500 
964.094379 23.961178 171.997940 -0.390246 
963.835738 23.067478 170.290936 -0.389777 
963.307594 21.877200 164.750080 -0.379841 
963.027474 20.988702 172.878971 -0.390149 
962.761432 20.096495 167.739340 -0.384358 
962.227818 18.908052 168.167192 -0.383609 
961.964244 18.014607 172.827338 -0.387836 
961.682885 17.125620 164.385636 -0.377169 
961.156970 15.935221 170.613432 -0.391394 
960.888768 15.048952 172.110242 -0.414583 
960.522251 14.247107 154.405516 -0.477337 
960.157802 13.883485 165.376480 -0.636012 
959.779583 13.267157 157.850523 -0.880969 
959.031089 12.931221 167.782579 -1.146268 
958.088848 12.634745 161.262935 -1.332182 
956.935423 12.390902 160.928652 -1.407075 
955.958799 12.247371 164.376962 -1.405757 
954.980182 12.118994 165.474990 -1.405762 
954.001066 11.993754 165.756979 -1.401693 
953.023055 11.863540 165.397637 -1.403426 
952.043845 11.734883 163.639928 -1.406900 
951.068224 11.589086 159.652895 -1.406266 
949.936810 11.387218 161.002037 -1.409032 
948.959073 11.243154 164.588107 -1.404043 
947.981057 11.113977 165.514600 -1.406105 
947.001566 10.990696 165.696986 -1.404088 
946.023276 10.861813 165.414099 -1.403923 
945.044263 10.732743 163.727213 -1.406665 
944.069199 10.586296 159.613169 -1.405065 
942.937707 10.382824 161.228458 -1.409491 
941.959879 10.241605 164.731033 -1.406239 
940.981300 10.113124 165.542950 -1.406976 
940.001585 9.990543 165.687524 -1.404695 
939.023478 9.861925 165.489469 -1.402368 
938.044953 9.730767 163.859659 -1.405357 
937.069761 9.583397 159.596185 -1.404883 
935.938311 9.379241 161.359288 -1.409544 
934.960514 9.240060 164.810987 -1.407771 
933.981463 9.111979 165.581654 -1.406739 
933.002091 8.988017 165.838885 -1.398056 
932.030253 8.850676 165.948238 -1.370900 
931.071323 8.682326 162.955899 -1.349941 
929.913702 8.396033 160.380060 -1.356244 
928.956184 8.216827 165.154428 -1.371402 
927.986721 8.076016 165.714528 -1.397860 
927.007096 7.955115 165.450620 -1.413999 
926.023557 7.836494 165.087358 -1.427709 
925.031523 7.729803 164.090636 -1.454654 
924.041379 7.638438 161.842226 -1.456847 
923.062616 7.515131 156.972169 -1.442367 
922.935890 7.495461 156.532106 -1.442116 
921.963042 7.373620 161.216072 -1.472199 
920.982260 7.312112 163.159640 -1.514020 
919.983168 7.273462 163.702242 -1.509321 
918.979354 7.206098 164.250112 -1.470955 
917.987132 7.112212 164.504443 -1.456618 
916.997624 7.030365 163.932981 -1.492699 
916.000280 6.990688 163.507056 -1.540760 
915.000184 6.981016 163.440968 -1.561112 
914.000312 6.974670 163.445672 -1.558494 
913.000979 6.961143 163.485175 -1.545605 
912.002849 6.934260 163.586664 -1.527492 
911.005570 6.892495 163.652501 -1.519033 
910.005418 6.851946 163.542692 -1.534219 
909.002331 6.833016 163.449233 -1.556835 
908.002049 6.828567 163.444977 -1.558844 
907.007093 6.813838 163.551900 -1.532712 
906.015152 6.769805 163.786968 -1.505068 
905.016423 6.711285 163.697497 -1.513975 
904.007785 6.676773 163.480699 -1.546716 
903.001506 6.669222 163.434998 -1.566242 
902.000116 6.668644 163.433313 -1.570447 
901.000003 6.668627 163.433303 -1.570786 
900.000000 6.668627 163.433303 -1.570796 
899.000000 6.668627 163.433303 -1.570796 
898.000000 6.668627 163.433303 -1.570796 
897.000000 6.668627 163.433303 -1.570796 
896.000000 6.668627 163.433303 -1.570796 
895.000000 6.668627 163.433303 -1.570796 
894.000000 6.668627 163.433303 -1.570796 
893.000000 6.668627 163.433303 -1.570796 
892.000000 6.668627 163.433303 -1.570796 
